SZ 35  (4650,2978) 
SZ 34  (4279,2780) 
SZ 33  (3459,3005) 
SZ 32  (3785,2643) 
Bordeaux  (2531,2076) 
SZ 39  (6057,3509) 
SZ 38  (4979,3636) 
SZ 37  (5029,2099) 
SZ 36  (4804,2247) 
RR 67  (5093,3070) 
RR 66  (5135,2894) 
RR 69  (5834,2937) 
RR 68  (5568,3006) 
Somme  (601,4565) 
Marseilles  (2865,2015) 
SZ 31  (3487,2123) 
SZ 30  (3283,2591) 
RR 140  (2270,5763) 
Syria  (5425,3057) 
Bavaria  (3187,1566) 
Silesia  (3856,1286) 
RR 70  (5040,3242) 
RR 72  (1660,3603) 
RR 71  (5752,3251) 
RR 74  (2558,2908) 
RR 73  (2195,3215) 
RR 76  (3179,2949) 
RR 75  (2888,2911) 
SZ 29  (2903,2309) 
SZ 24  (472,3356) 
SZ 23  (906,2671) 
SZ 22  (1964,1907) 
Sinai  (4912,3407) 
SZ 21  (1551,2077) 
SZ 28  (2553,2727) 
SZ 27  (2110,2883) 
SZ 26  (1503,3329) 
St. Petersburg  (4730,351) 
SZ 25  (1505,2653) 
RR 56  (3594,2468) 
RR 55  (5649,2291) 
RR 58  (4025,2603) 
RR 57  (4065,2376) 
SZ 20  (947,2148) 
RR 59  (4647,2638) 
Tuscany  (3288,2162) 
Venice  (3300,1895) 
Picardy  (2621,1525) 
RR 61  (5305,2468) 
RR 60  (4983,2446) 
RR 63  (4841,2820) 
RR 62  (5485,2499) 
RR 65  (5757,2671) 
Finland  (4300,54) 
RR 64  (5089,2762) 
London  (2353,1215) 
Paschendale  (785,4137) 
Vologoa  (5832,685) 
SZ 19  (308,2172) 
SZ 18  (1705,1394) 
Hanover  (3301,1254) 
SZ 57  (3466,5991) 
Chaumont  (909,5935) 
Western Australia  (5930,5703) 
SZ 56  (3346,5532) 
SZ 55  (3229,5025) 
SZ 54  (2681,5760) 
Karilia  (5465,159) 
SZ 59  (4371,5567) 
SZ 58  (4259,5978) 
RR 89  (3771,4133) 
RR 88  (3426,4192) 
Madagascar  (4630,5436) 
Ivory Coast  (2665,4232) 
B. Somaliland  (4507,4401) 
SZ 53  (2660,5065) 
SZ 52  (3161,4636) 
SZ 51  (2578,4550) 
I. Somaliland  (4603,4592) 
SZ 50  (4649,5095) 
RR 92  (4786,4158) 
RR 91  (4528,4115) 
Mesopotamia  (5950,3058) 
Sweden  (3505,320) 
Tallin  (4339,412) 
RR 94  (2872,4441) 
RR 93  (2700,4459) 
Basel  (2220,6097) 
RR 96  (3301,4505) 
RR 95  (3065,4458) 
RR 98  (3958,4316) 
RR 97  (3488,4581) 
Poland  (4228,1181) 
Jordan  (5109,3209) 
Bulgaria  (4331,2208) 
RR 90  (4177,4095) 
SZ 46  (5687,4817) 
SZ 45  (5261,4703) 
SZ 44  (5834,4404) 
SZ 43  (5241,4243) 
SZ 49  (5065,5118) 
SZ 48  (5380,5058) 
SZ 47  (5688,5075) 
RR 78  (3695,3413) 
RR 77  (3457,3329) 
RR 79  (4019,3214) 
SZ 42  (4755,4656) 
SZ 41  (4448,4149) 
SZ 40  (5102,3905) 
RR 6  (3877,1077) 
RR 81  (4545,3396) 
Sicily  (3459,2749) 
RR 7  (4254,890) 
RR 80  (4345,3331) 
RR 4  (3030,1184) 
RR 83  (5018,3355) 
RR 5  (3412,1080) 
RR 82  (4767,3349) 
RR 2  (2292,996) 
RR 85  (5919,3377) 
German Southwest Africa  (3643,5509) 
RR 3  (2304,1157) 
RR 84  (5071,3443) 
RR 87  (2683,4150) 
RR 1  (2097,760) 
RR 86  (4836,3628) 
Russian Infiltration  (4664,3836) 
Normandy  (2350,1692) 
BR 3  (4139,3828) 
BR 2  (3616,3828) 
BR 1  (3123,3828) 
RR 8  (4390,618) 
RR 9  (4217,372) 
Cameroon  (3553,4567) 
Gibraltar  (2044,2750) 
Cyprus  (4853,2978) 
Kiel  (3130,1112) 
RR 23  (4559,1162) 
RR 22  (4195,1283) 
Ruhr  (3062,1378) 
RR 25  (5951,1329) 
RR 24  (5267,1266) 
Smolensk  (4824,756) 
Kiev  (4545,1427) 
RR 27  (2678,1872) 
RR 26  (2339,1801) 
Oman  (4827,4141) 
RR 29  (3186,1630) 
RR 28  (2870,1726) 
Armenia  (5730,2500) 
RR 100  (4666,4559) 
RR 101  (3525,4877) 
Rome  (3382,2340) 
RR 102  (3724,4902) 
Belgian Congo  (3913,4833) 
RR 30  (3468,1425) 
RR 103  (4398,4785) 
RR 104  (3601,5002) 
RR 32  (4074,1620) 
RR 105  (3896,5045) 
RR 31  (3659,1561) 
RR 106  (4384,4931) 
SZ 8  (2392,1408) 
RR 107  (4159,5120) 
SZ 7  (3191,458) 
RR 108  (4353,5079) 
Algeria  (2730,3035) 
SZ 6  (2424,781) 
RR 109  (3547,5256) 
SZ 5  (2690,366) 
SZ 4  (2286,333) 
SZ 3  (1618,224) 
Abyssinia  (4390,4466) 
SZ 2  (931,270) 
Sarajevo  (3857,2232) 
SZ 1  (315,293) 
RR 19  (3298,1320) 
RR 12  (4833,872) 
Transvaal  (3977,5772) 
RR 11  (5056,286) 
German East Africa  (4262,4970) 
Moldova  (4520,1722) 
RR 14  (5269,808) 
RR 13  (4980,781) 
RR 16  (5309,1055) 
RR 15  (5744,696) 
RR 18  (3013,1437) 
RR 17  (2544,1543) 
RR 110  (4367,5260) 
RR 111  (4266,5345) 
RR 112  (3594,5455) 
RR 113  (4100,5409) 
RR 114  (3634,5647) 
RR 115  (4018,5684) 
RR 21  (3962,1326) 
RR 116  (3740,5848) 
RR 20  (3556,1258) 
RR 117  (3936,5868) 
RR 118  (97,4452) 
RR 119  (1188,4200) 
SZ 13  (1482,838) 
SZ 12  (934,902) 
SZ 11  (296,954) 
SZ 10  (3772,753) 
Tunesia  (3078,3044) 
SZ 17  (949,1508) 
SZ 16  (312,1543) 
SZ 15  (3907,538) 
SZ 14  (1917,708) 
RR 45  (5789,1740) 
Nancy  (1643,5895) 
Scotland  (2093,581) 
Innsbruck  (3427,1722) 
RR 44  (5462,1793) 
RR 47  (3690,2117) 
RR 46  (3291,2197) 
RR 49  (4228,2031) 
RR 48  (3939,2014) 
RR 120  (1495,4117) 
RR 121  (1909,4318) 
RR 122  (2323,4335) 
RR 50  (5478,2004) 
RR 123  (338,4621) 
RR 124  (603,4634) 
RR 52  (3875,2275) 
RR 125  (903,4622) 
RR 51  (3425,2379) 
RR 126  (1633,4514) 
RR 54  (4275,2306) 
RR 127  (60,5236) 
RR 53  (4076,2254) 
RR 128  (503,5139) 
RR 129  (1063,5062) 
Chantilly  (237,5719) 
United States Mobilizes  (166,3814) 
Flanders  (96,4413) 
Romania  (4364,1962) 
American Isolationism  (2252,3825) 
Persia  (5377,3819) 
SZ 9  (2848,911) 
RR 34  (4947,1565) 
RR 33  (4445,1508) 
RR 36  (2400,2068) 
RR 35  (5415,1558) 
Tartarstan  (5978,1276) 
RR 38  (3117,2074) 
RR 37  (2887,2137) 
RR 130  (1956,4953) 
RR 39  (3262,1966) 
RR 131  (914,5413) 
RR 132  (1753,5329) 
RR 133  (2393,5216) 
RR 134  (493,5636) 
RR 135  (1193,5594) 
RR 41  (4587,1839) 
RR 136  (2016,5549) 
RR 40  (3772,1851) 
RR 137  (108,5932) 
RR 43  (4901,1838) 
RR 138  (1652,5999) 
RR 42  (4944,1682) 
RR 139  (2026,5852) 
Ankara  (5064,2489) 
Angola  (3667,5175) 
Crimea  (4976,1453) 
Sudan  (4079,4239) 
US 1  (1814,3828) 
Douamont  (1737,5153) 
Portugal  (1870,2490) 
Bar-Le Duc  (1215,5613) 
Greece  (4003,2509) 
Svastepole  (4936,1773) 
Ypres  (417,4142) 
Morocco  (1956,3279) 
US 3  (822,3828) 
US 2  (1337,3828) 
Ardennes  (1593,4536) 
British East Africa  (4346,4720) 
Istanbul  (4536,2593) 
Verdun  (1390,5281) 
French West Africa  (3107,4084) 
India  (5884,3891) 
Canada  (251,2685) 
Caucusus  (5588,1899) 
South Africa  (3910,5530) 
Pomerania  (3558,1048) 
Cologne  (2064,4179) 
Crete  (4254,2965) 
United States  (131,3185) 
Cyreniaca  (4067,3296) 
Moscow  (5275,696) 
Bolshevik Revolution  (2638,3814) 
Mont Blanc  (1226,4899) 
RR 10  (4625,288) 
Riga  (4462,697) 
Nigeria  (3322,4388) 
Kuwait  (5963,3299) 
Sardinia  (3092,2516) 
Burgundy  (2861,1648) 
Switzerland  (3057,1784) 
Spain  (2225,2422) 
French Equitorial Africa  (3593,4847) 
Bohemia  (3756,1538) 
SZ 79  (3520,913) 
Saratov  (5486,1451) 
SZ 78  (1495,2975) 
SZ 77  (972,3348) 
SZ 76  (977,2960) 
SZ 71  (1301,1153) 
SZ 70  (1322,1695) 
SZ 75  (2493,147) 
SZ 74  (2841,670) 
SZ 73  (2222,1943) 
SZ 72  (1300,556) 
Arabia  (4711,4025) 
Vimy  (912,4649) 
SZ 68  (615,1265) 
Trieste  (3643,1996) 
SZ 67  (621,624) 
Brussels  (1313,4111) 
SZ 66  (5735,5339) 
SZ 65  (5388,5905) 
Hungary  (4039,1883) 
Berlin  (3559,1214) 
SZ 69  (607,1858) 
SZ 60  (4786,5512) 
RR 99  (4664,4437) 
Prussia  (3989,975) 
Belarus  (4605,1077) 
SZ 64  (5432,5330) 
SZ 63  (5047,5881) 
al-Hasa  (5867,3551) 
SZ 62  (5072,5325) 
SZ 61  (4757,5921) 
Rhodesia  (3999,5268) 
Vilnius  (4208,755) 
Piedmont  (3098,1981) 
Corsica  (3100,2308) 
Frankfurt  (2209,4897) 
York  (2192,1087) 
Egypt  (4643,3489) 
SZ 91  (4043,277) 
SZ 90  (2823,4799) 
Orel  (5234,1114) 
Argonne  (864,5287) 
Ireland  (1821,1009) 
Tripoli  (3515,3333) 
Vienna  (3787,1747) 
Serbia  (4054,2184) 
Smyrna  (5042,2712) 
N. Hejaz  (5114,3540) 
Holland  (2875,1233) 
S. Hejaz  (4499,4069) 
SZ 89  (2963,5319) 
SZ 88  (3147,5778) 
SZ 87  (5248,5565) 
SZ 82  (3808,2937) 
SZ 81  (2790,2566) 
SZ 80  (3864,351) 
Spanish Morocco  (2106,3031) 
Galacia  (4157,1543) 
SZ 86  (5980,4931) 
French Central Africa  (3702,4163) 
SZ 85  (4961,4903) 
SZ 84  (5522,4445) 
SZ 83  (4773,3193) 
Strasbourg  (2152,5658) 
Norway  (3066,170) 
Denmark  (3115,731) 
Arras  (339,4697) 
Paris  (2640,1775) 