SZ 35  (4625,2952)  (4573,3003)  (4573,2951)  (4676,3004)  (4625,2900)  (4677,2900)  (4677,2952)  (4571,2899)  (4521,3044)  (4521,2992)  (4728,3004)  (4671,2848)  (4723,2848)  (4729,2900)  (4729,2952)  (4519,2940)  (4519,2888)  (4517,3096)  (4469,3044)  (4469,2992)  (4780,3004)  (4781,2889)  (4781,2941)  (4467,2940)  (4467,2888)  (4465,3111)  (4517,3148)  (4417,3059)  (4417,3007)  (4832,2993)  (4833,2889)  (4833,2941)  (4415,2955)  (4415,2903)  (4465,3163)  (4413,3163)  (4413,3111)  (4517,3200)  (4884,2993)  (4885,2877)  (4885,2929)  (4465,3215)  (4413,3215)  (4517,3252)  (4936,2981)  (4936,3033)  (4937,2848)  (4937,2900)  (4988,2952)  (4989,2843)  (4989,2895)
SZ 34  (4254,2754)  (4202,2805)  (4202,2753)  (4305,2806)  (4254,2702)  (4306,2702)  (4306,2754)  (4201,2701)  (4253,2857)  (4201,2857)  (4150,2805)  (4357,2806)  (4338,2858)  (4253,2650)  (4305,2650)  (4358,2747)  (4179,2649)  (4231,2598)  (4283,2598)  (4143,2597)  (4195,2546)  (4247,2546)  (4299,2500)  (4230,2494)  (4282,2448)  (4212,2442)
SZ 33  (3434,2979)  (3382,3030)  (3382,2978)  (3485,3031)  (3434,2927)  (3486,2927)  (3486,2979)  (3380,2926)  (3433,3082)  (3381,3082)  (3330,3030)  (3330,2978)  (3537,3031)  (3537,3083)  (3485,3083)  (3329,3083)  (3432,2875)  (3484,2875)  (3536,2875)  (3538,2927)  (3538,2979)  (3328,2926)  (3328,2874)  (3380,2874)  (3588,2863)  (3278,3031)  (3278,2979)  (3589,3031)  (3589,3083)  (3589,3135)  (3537,3135)  (3277,3084)  (3432,2823)  (3590,2915)  (3590,2967)  (3276,2927)  (3276,2875)  (3276,2823)  (3328,2822)  (3380,2822)  (3226,3032)  (3641,3086)  (3641,3138)  (3589,3187)  (3224,2854)  (3280,2770)  (3332,2770)  (3644,3190)  (3693,3086)  (3693,3138)  (3696,3190)  (3696,3242)
SZ 32  (3760,2617)  (3708,2668)  (3708,2616)  (3811,2669)  (3760,2565)  (3812,2565)  (3812,2617)  (3706,2564)  (3759,2720)  (3707,2720)  (3656,2668)  (3863,2669)  (3863,2721)  (3811,2721)  (3655,2721)  (3792,2513)  (3864,2571)  (3666,2512)  (3915,2645)  (3915,2697)  (3603,2735)  (3792,2461)  (3592,2787)  (3956,2787)  (3551,2735)  (3764,2409)  (3981,2839)  (3710,2373)  (3762,2357)  (3658,2345)  (4033,2862)  (3710,2321)  (3762,2305)  (3627,2293)  (4085,2869)  (3540,2274)  (3679,2269)  (3605,2241)
Bordeaux  (2506,2050)  (2454,2101)  (2454,2049)  (2557,2102)  (2506,1998)  (2558,1998)  (2558,2050)  (2452,1997)  (2505,2153)  (2453,2153)  (2402,2101)  (2402,2049)  (2609,2102)  (2609,2154)  (2557,2154)  (2401,2154)  (2610,1970)  (2610,2022)  (2400,1997)  (2400,1945)  (2452,1945)  (2350,2102)  (2350,2050)  (2661,2074)  (2661,2126)  (2395,1893)
SZ 39  (6032,3483)  (5980,3519)  (5980,3467)  (6071,3535)  (6032,3431)  (5971,3415)  (6071,3587)
SZ 38  (4954,3610)
SZ 37  (5004,2073)  (4952,2118)  (5055,2125)  (5056,2025)  (4900,2109)  (5107,2077)  (5107,2129)  (5108,2014)  (5115,1933)  (5005,1930)  (5057,1924)  (4848,2099)  (5159,2074)  (5159,2126)  (4830,2047)  (5109,1881)  (5051,1872)  (5211,2106)  (5211,2158)  (4778,2086)  (4778,2034)  (4778,1920)  (4756,1982)  (5263,2142)  (4726,2077)  (4726,1930)  (4704,2025)  (4694,1878)  (4674,1973)  (4652,2063)  (4622,2011)
SZ 36  (4779,2221)  (4727,2272)  (4727,2220)  (4830,2273)  (4779,2169)  (4831,2169)  (4831,2221)  (4725,2168)  (4703,2324)  (4675,2272)  (4675,2220)  (4882,2273)  (4883,2168)  (4883,2220)  (4673,2168)  (4651,2347)  (4623,2295)  (4623,2243)  (4934,2272)  (4935,2178)  (4621,2191)  (4621,2139)  (4599,2349)  (4571,2297)  (4571,2245)  (4986,2230)  (4569,2193)  (4569,2141)  (5018,2282)  (4519,2334)  (4519,2282)  (5038,2197)  (4517,2230)  (5070,2249)  (5070,2301)  (5122,2213)  (5122,2265)  (5122,2317)  (5174,2222)  (5174,2274)  (5174,2326)  (5226,2232)  (5226,2284)  (5226,2336)  (5278,2241)  (5278,2293)  (5278,2345)  (5330,2251)  (5330,2303)  (5330,2355)  (5382,2261)  (5382,2313)
Somme  (576,4539)  (524,4590)  (524,4538)  (627,4591)  (576,4487)  (628,4487)  (628,4539)  (522,4486)  (575,4642)  (523,4642)  (472,4556)  (679,4639)  (627,4643)  (574,4435)  (626,4435)  (470,4504)  (470,4452)  (522,4434)  (678,4414)  (466,4400)  (575,4694)  (523,4694)  (664,4695)  (574,4383)  (626,4383)  (518,4382)  (612,4746)  (560,4746)  (561,4798)
Marseilles  (2840,1989)  (2788,2040)  (2788,1988)  (2891,2041)  (2840,1937)  (2892,1937)  (2892,1989)  (2786,1936)  (2839,2092)  (2787,2092)  (2736,2040)  (2736,1988)  (2943,2054)  (2891,2093)  (2735,2093)  (2838,1885)  (2890,1885)  (2880,2145)  (2812,1833)
SZ 31  (3462,2097)  (3410,2103)  (3410,2051)  (3513,2149)  (3462,2045)  (3461,2155)  (3363,1999)  (3358,2073)  (3565,2172)  (3513,2201)
SZ 30  (3258,2565)  (3206,2616)  (3206,2564)  (3309,2617)  (3258,2513)  (3310,2513)  (3310,2565)  (3204,2512)  (3257,2668)  (3205,2668)  (3154,2616)  (3154,2564)  (3361,2617)  (3153,2669)  (3256,2461)  (3308,2461)  (3360,2461)  (3362,2513)  (3362,2565)  (3152,2512)  (3161,2460)  (3412,2459)  (3223,2720)  (3413,2617)  (3101,2708)  (3101,2656)  (3213,2409)  (3265,2409)  (3317,2409)  (3414,2511)  (3414,2563)  (3465,2615)  (3049,2732)  (3049,2680)  (3217,2357)  (3466,2506)  (3466,2558)  (3517,2610)  (2997,2743)  (3518,2532)
Bavaria  (3162,1540)  (3110,1591)  (3110,1539)  (3213,1592)  (3162,1488)  (3214,1488)  (3214,1540)  (3161,1643)  (3109,1643)  (3058,1591)  (3058,1539)  (3265,1592)  (3057,1644)  (3181,1436)  (3233,1436)  (3266,1489)  (3006,1577)  (3006,1525)  (3317,1541)  (3317,1593)  (3369,1561)
Syria  (5400,3031)  (5348,3082)  (5348,3030)  (5451,3083)  (5400,2979)  (5452,2979)  (5452,3031)  (5346,2978)  (5399,3134)  (5347,3134)  (5296,3082)  (5296,3030)  (5503,3083)  (5503,3135)  (5451,3135)  (5295,3135)  (5398,2927)  (5450,2927)  (5502,2927)  (5504,2979)  (5504,3031)  (5294,2978)  (5294,2926)  (5346,2926)  (5554,2877)  (5399,3186)  (5347,3186)  (5244,3083)  (5244,3031)  (5555,3083)  (5555,3135)  (5555,3187)  (5503,3187)  (5451,3187)  (5295,3187)  (5243,3187)  (5243,3135)  (5398,2875)  (5450,2875)  (5502,2875)  (5556,2929)  (5556,2981)  (5242,2979)  (5242,2927)  (5242,2875)  (5294,2874)  (5346,2874)  (5554,2825)  (5606,2840)  (5399,3238)  (5347,3238)
Silesia  (3831,1260)  (3779,1311)  (3779,1259)  (3882,1312)  (3831,1208)  (3883,1208)  (3883,1260)  (3777,1207)  (3830,1363)  (3778,1363)  (3727,1281)  (3934,1312)  (3926,1364)  (3829,1156)  (3935,1192)  (3935,1244)  (3725,1229)  (3737,1155)
SZ 29  (2878,2283)  (2826,2334)  (2826,2282)  (2929,2335)  (2878,2231)  (2930,2231)  (2930,2283)  (2824,2230)  (2774,2365)  (2774,2313)  (2981,2335)  (2981,2387)  (2943,2179)  (2982,2231)  (2982,2283)  (2772,2261)  (2772,2209)  (2995,2166)  (2722,2365)  (2722,2313)  (3033,2335)  (2978,2439)  (3034,2218)  (3034,2270)  (2720,2261)  (2720,2209)  (3047,2130)  (2670,2365)  (3085,2322)  (3086,2182)  (3086,2234)  (3137,2286)  (3137,2338)  (3138,2205)  (2580,2467)  (2580,2415)  (2528,2468)
SZ 24  (447,3330)  (395,3381)  (395,3329)  (498,3382)  (447,3278)  (499,3278)  (499,3330)  (393,3277)  (446,3433)  (394,3433)  (343,3381)  (343,3329)  (550,3382)  (550,3434)  (498,3434)  (342,3434)  (445,3226)  (497,3226)  (549,3226)  (551,3278)  (551,3330)  (341,3277)  (341,3225)  (393,3225)  (601,3176)  (446,3485)  (394,3485)  (291,3382)  (291,3330)  (602,3382)  (602,3434)  (602,3486)  (550,3486)  (498,3486)  (342,3486)  (290,3486)  (290,3434)  (445,3174)  (497,3174)  (549,3174)  (603,3228)  (603,3280)  (289,3278)  (330,3173)  (382,3173)  (601,3124)  (653,3124)  (653,3176)  (446,3537)  (394,3537)  (239,3382)  (239,3330)
SZ 23  (881,2645)  (829,2696)  (829,2644)  (932,2697)  (881,2593)  (933,2593)  (933,2645)  (827,2592)  (880,2748)  (828,2748)  (777,2696)  (777,2644)  (984,2697)  (984,2749)  (932,2749)  (776,2749)  (879,2541)  (931,2541)  (983,2541)  (985,2593)  (985,2645)  (775,2553)  (827,2540)  (736,2501)  (1035,2491)  (725,2697)  (1036,2697)  (1036,2749)  (724,2775)  (879,2489)  (931,2489)  (983,2489)  (1037,2543)  (1037,2595)  (788,2488)  (684,2505)  (1087,2470)  (673,2723)  (673,2671)  (1088,2647)  (1088,2699)  (1088,2751)  (672,2775)  (1089,2522)  (1089,2574)  (667,2858)  (1139,2470)  (1140,2626)  (1140,2678)  (1140,2730)  (620,2806)  (620,2754)
SZ 22  (1939,1881)  (1887,1932)  (1887,1880)  (1990,1933)  (1939,1829)  (1991,1829)  (1991,1881)  (1885,1828)  (1938,1984)  (1886,1984)  (1835,1932)  (1835,1880)  (2042,1933)  (2042,1985)  (1990,1985)  (1834,1985)  (1937,1777)  (1989,1777)  (2041,1777)  (1833,1828)  (1833,1776)  (1885,1776)  (2093,1727)  (1938,2036)  (1886,2036)  (2042,2037)  (1990,2037)  (1834,2037)  (1937,1725)  (1989,1725)  (2041,1725)  (1800,1724)  (1852,1724)  (2145,1731)  (1938,2088)  (2042,2089)  (1990,2089)  (1817,2089)  (1904,1673)  (1956,1673)  (2008,1673)  (1800,1672)  (1852,1672)  (2148,2091)  (2096,2091)  (2200,2091)  (2252,2091)
SZ 21  (1526,2051)  (1474,2102)  (1474,2050)  (1577,2103)  (1526,1999)  (1578,1999)  (1578,2051)  (1472,1998)  (1525,2154)  (1473,2154)  (1422,2102)  (1422,2050)  (1629,2103)  (1629,2155)  (1577,2155)  (1421,2155)  (1524,1947)  (1576,1947)  (1628,1947)  (1630,1999)  (1630,2051)  (1420,1998)  (1420,1946)  (1472,1946)  (1680,1897)  (1525,2206)  (1473,2206)  (1370,2103)  (1370,2051)  (1681,2103)  (1681,2155)  (1681,2207)  (1629,2207)  (1577,2207)  (1421,2207)  (1369,2207)  (1369,2155)  (1524,1895)  (1576,1895)  (1628,1895)  (1682,1949)  (1682,2001)  (1368,1999)  (1368,1947)  (1368,1895)  (1420,1894)  (1472,1894)  (1680,1845)  (1732,1845)  (1732,1897)  (1525,2258)  (1473,2258)  (1318,2103)  (1318,2051)
Sinai  (4887,3381)  (4835,3409)  (4835,3357)  (4918,3433)  (4887,3329)  (4939,3329)  (4939,3381)  (4783,3367)  (4906,3485)  (4748,3315)
SZ 28  (2528,2701)  (2476,2752)  (2476,2700)  (2579,2753)  (2528,2649)  (2580,2649)  (2580,2701)  (2474,2648)  (2444,2804)  (2424,2752)  (2424,2700)  (2631,2753)  (2526,2597)  (2578,2597)  (2463,2596)  (2392,2834)  (2372,2782)  (2683,2716)  (2515,2545)  (2567,2545)  (2437,2544)  (2340,2852)  (2320,2800)  (2735,2716)  (2787,2716)  (2839,2716)  (2891,2716)  (2944,2522)  (2944,2574)  (2944,2626)
SZ 27  (2085,2857)  (2137,2822)  (2137,2874)  (2189,2822)  (2189,2874)  (1955,2873)  (1932,2927)  (1915,2821)  (1907,2979)  (1903,2875)  (1880,2927)  (1863,2823)  (1851,2875)  (1811,2823)
SZ 26  (1478,3303)  (1426,3354)  (1426,3302)  (1529,3355)  (1478,3251)  (1530,3251)  (1530,3303)  (1424,3250)  (1477,3406)  (1425,3406)  (1374,3354)  (1374,3302)  (1581,3355)  (1581,3407)  (1529,3407)  (1373,3407)  (1476,3199)  (1528,3199)  (1580,3199)  (1582,3251)  (1582,3303)  (1372,3250)  (1372,3198)  (1424,3198)  (1632,3149)  (1477,3458)  (1425,3458)  (1322,3355)  (1322,3303)  (1633,3355)  (1633,3407)  (1590,3459)  (1538,3459)  (1373,3459)  (1321,3459)  (1321,3407)  (1476,3147)  (1528,3147)  (1580,3147)  (1634,3201)  (1634,3253)  (1320,3251)  (1320,3199)  (1320,3147)  (1372,3146)  (1424,3146)  (1684,3126)  (1486,3510)  (1434,3510)  (1270,3355)  (1270,3303)
SZ 25  (1480,2627)  (1428,2678)  (1428,2626)  (1531,2679)  (1480,2575)  (1532,2575)  (1532,2627)  (1426,2574)  (1479,2730)  (1427,2730)  (1376,2678)  (1376,2626)  (1583,2679)  (1583,2731)  (1531,2731)  (1375,2731)  (1478,2523)  (1530,2523)  (1582,2523)  (1584,2575)  (1584,2627)  (1374,2574)  (1374,2522)  (1426,2522)  (1634,2473)  (1324,2679)  (1324,2627)  (1635,2679)  (1635,2731)  (1323,2775)  (1478,2471)  (1530,2471)  (1582,2471)  (1636,2525)  (1636,2577)  (1322,2575)  (1322,2523)  (1322,2471)  (1374,2470)  (1426,2470)  (1686,2469)  (1272,2723)  (1272,2671)  (1687,2629)  (1687,2681)  (1687,2733)  (1271,2775)  (1688,2521)  (1688,2573)  (1270,2619)  (1270,2567)  (1270,2515)
St. Petersburg  (4705,325)  (4653,376)  (4653,324)  (4756,377)  (4705,273)  (4757,273)  (4757,325)  (4651,272)  (4704,428)  (4652,428)  (4601,376)  (4601,324)  (4808,377)  (4808,429)  (4756,429)  (4600,429)  (4746,221)  (4798,221)  (4809,273)  (4809,325)  (4599,272)  (4647,220)  (4850,180)  (4704,480)  (4652,480)  (4549,377)  (4549,325)  (4860,377)  (4860,429)  (4774,481)  (4600,481)  (4548,481)  (4548,429)  (4861,232)  (4861,284)  (4547,273)  (4847,128)  (4899,128)  (4902,180)  (4912,389)  (4496,452)  (4496,400)  (4913,232)  (4951,79)  (4849,76)  (4954,131)  (4901,27)  (4953,27)  (4831,24)
SZ 20  (922,2122)  (870,2173)  (870,2121)  (973,2174)  (922,2070)  (974,2070)  (974,2122)  (868,2069)  (921,2225)  (869,2225)  (818,2173)  (818,2121)  (1025,2174)  (1025,2226)  (973,2226)  (817,2226)  (920,2018)  (972,2018)  (1024,2018)  (1026,2070)  (1026,2122)  (816,2069)  (816,2017)  (868,2017)  (1076,1968)  (921,2277)  (869,2277)  (766,2174)  (766,2122)  (1077,2174)  (1077,2226)  (1077,2278)  (1025,2278)  (973,2278)  (817,2278)  (765,2278)  (765,2226)  (920,1966)  (972,1966)  (1024,1966)  (1078,2020)  (1078,2072)  (764,2070)  (764,2018)  (867,1965)  (1076,1916)  (1128,1916)  (1128,1968)  (921,2329)  (869,2329)  (714,2174)  (714,2122)
Tuscany  (3263,2136)  (3211,2187)  (3211,2135)  (3292,2188)  (3263,2084)  (3315,2132)  (3367,2163)
Venice  (3275,1869)  (3223,1920)  (3223,1868)  (3287,1921)  (3275,1817)  (3327,1817)  (3327,1869)  (3235,1972)  (3379,1858)
Picardy  (2596,1499)  (2544,1550)  (2544,1498)  (2647,1551)  (2596,1447)  (2648,1458)  (2492,1530)  (2699,1510)
Finland  (4275,28)  (4223,79)  (4223,27)  (4326,80)  (4327,0)  (4221,131)  (4171,79)  (4171,27)  (4378,52)  (4304,132)  (4379,0)  (4169,133)  (4119,81)  (4119,29)  (4430,52)  (4431,0)  (4117,165)  (4067,113)  (4067,61)  (4067,9)  (4482,52)  (4483,0)  (4015,83)  (4015,31)  (4534,52)  (4535,0)  (4547,104)  (4599,67)  (4599,119)
London  (2328,1189)  (2276,1240)  (2276,1188)  (2379,1241)  (2328,1137)  (2380,1137)  (2380,1189)  (2274,1136)  (2236,1292)  (2224,1240)  (2331,1085)  (2427,1085)  (2432,1137)  (2184,1294)  (2115,1297)
Paschendale  (760,4111)  (708,4162)  (708,4110)  (811,4163)  (760,4059)  (812,4059)  (812,4111)  (706,4058)  (759,4214)  (707,4214)  (656,4162)  (656,4110)  (863,4163)  (863,4215)  (811,4215)  (655,4215)  (758,4007)  (810,4007)  (862,4007)  (864,4059)  (864,4111)  (654,4058)  (654,4006)  (706,4006)  (914,3957)  (759,4266)  (707,4266)  (604,4163)  (604,4111)  (915,4163)  (915,4215)  (915,4267)  (863,4267)  (811,4267)  (655,4267)  (758,3955)  (810,3955)  (862,3955)  (916,4009)  (916,4061)  (602,4059)  (602,4007)  (602,3955)  (654,3954)  (706,3954)
SZ 19  (283,2146)  (231,2197)  (231,2145)  (334,2198)  (283,2094)  (335,2094)  (335,2146)  (229,2093)  (282,2249)  (230,2249)  (179,2197)  (179,2145)  (386,2198)  (386,2250)  (334,2250)  (178,2250)  (281,2042)  (333,2042)  (385,2042)  (387,2094)  (387,2146)  (177,2093)  (177,2041)  (229,2041)  (437,2015)  (282,2301)  (230,2301)  (127,2198)  (127,2146)  (438,2198)  (438,2250)  (438,2302)  (386,2302)  (334,2302)  (178,2302)  (126,2302)  (126,2250)  (281,1990)  (439,2067)  (439,2119)  (125,2094)  (125,2042)  (125,1990)  (177,1989)  (229,1989)  (489,2015)  (282,2353)  (230,2353)  (75,2198)  (75,2146)  (490,2171)  (490,2223)  (490,2275)  (490,2327)
Vologoa  (5807,659)  (5755,710)  (5755,658)  (5858,711)  (5807,607)  (5859,607)  (5859,659)  (5753,606)  (5806,762)  (5754,762)  (5703,710)  (5703,658)  (5910,711)  (5910,763)  (5858,763)  (5702,763)  (5805,555)  (5857,555)  (5909,555)  (5911,607)  (5911,659)  (5701,606)  (5701,554)  (5753,554)  (5961,505)  (5806,814)  (5754,814)  (5651,711)  (5651,659)  (5962,711)  (5962,763)  (5962,815)  (5910,815)  (5858,815)  (5702,815)  (5650,815)  (5650,763)  (5805,503)  (5857,503)  (5909,503)  (5963,557)  (5963,609)  (5649,607)  (5649,555)  (5649,503)  (5701,502)  (5753,502)  (5961,453)  (6013,453)  (6013,505)  (5806,866)  (5754,866)  (5599,711)  (5599,659)
SZ 18  (1680,1368)  (1628,1419)  (1628,1367)  (1731,1420)  (1680,1316)  (1732,1316)  (1732,1368)  (1626,1315)  (1679,1471)  (1627,1471)  (1576,1419)  (1576,1367)  (1783,1420)  (1783,1472)  (1731,1472)  (1575,1472)  (1678,1264)  (1730,1264)  (1782,1264)  (1784,1316)  (1784,1368)  (1574,1315)  (1574,1263)  (1626,1263)  (1834,1214)  (1679,1523)  (1627,1523)  (1524,1420)  (1524,1368)  (1835,1420)  (1835,1472)  (1835,1524)  (1783,1524)  (1731,1524)  (1523,1496)  (1836,1266)  (1836,1318)  (1522,1316)  (1562,1211)  (1614,1211)  (1886,1164)  (1679,1575)  (1627,1575)  (1472,1444)  (1472,1392)  (1887,1370)  (1887,1422)  (1887,1474)  (1887,1526)  (1835,1576)  (1783,1576)  (1731,1576)  (1471,1496)
Hanover  (3276,1228)  (3224,1279)  (3224,1227)  (3327,1280)  (3276,1176)  (3328,1176)  (3328,1228)  (3275,1331)  (3172,1237)  (3286,1124)
SZ 57  (3441,5965)  (3389,6016)  (3389,5964)  (3492,6017)  (3441,5913)  (3493,5913)  (3493,5965)  (3389,5912)  (3440,6068)  (3388,6068)  (3337,6016)  (3337,5964)  (3544,6017)  (3544,6069)  (3492,6069)  (3336,6069)  (3441,5861)  (3493,5861)  (3545,5861)  (3545,5913)  (3545,5965)  (3388,5860)  (3285,6017)  (3285,5965)  (3596,6017)  (3596,6069)  (3284,6071)  (3440,5809)  (3492,5809)  (3544,5809)  (3596,5809)  (3597,5861)  (3597,5913)  (3597,5965)  (3388,5808)  (3233,6019)  (3233,5967)  (3648,6017)  (3648,6069)  (3232,6071)  (3649,5963)  (3181,6019)  (3181,5967)  (3700,6015)  (3700,6067)  (3180,6071)  (3129,6019)  (3129,5967)  (3752,5972)  (3752,6024)  (3128,6071)
Chaumont  (884,5909)  (832,5960)  (832,5908)  (935,5961)  (884,5857)  (936,5857)  (936,5909)  (830,5856)  (883,6012)  (831,6012)  (780,5960)  (780,5908)  (987,5961)  (987,6013)  (935,6013)  (779,6013)  (882,5805)  (934,5805)  (986,5805)  (988,5857)  (988,5909)  (778,5856)  (778,5804)  (830,5804)  (1038,5755)  (883,6064)  (831,6064)  (728,5961)  (728,5909)  (1039,5961)  (1039,6013)  (1039,6065)  (987,6065)  (935,6065)  (779,6065)  (727,6065)  (727,6013)  (882,5753)  (934,5753)  (986,5753)  (1040,5807)  (1040,5859)  (726,5857)  (726,5805)  (726,5753)  (778,5752)  (830,5752)  (676,5961)  (676,5909)  (1091,5911)  (1091,5963)  (1091,6015)  (1091,6067)
Western Australia  (5905,5677)  (5853,5728)  (5853,5676)  (5956,5729)  (5905,5625)  (5957,5625)  (5957,5677)  (5851,5624)  (5904,5780)  (5852,5780)  (5801,5728)  (5801,5676)  (6008,5729)  (6008,5781)  (5956,5781)  (5800,5781)  (5903,5573)  (5955,5573)  (6007,5573)  (6009,5625)  (6009,5677)  (5799,5624)  (5799,5572)  (5851,5572)  (6059,5523)  (5904,5832)  (5852,5832)  (5749,5729)  (5749,5677)  (6060,5729)  (6060,5781)  (6060,5833)  (6008,5833)  (5956,5833)  (5800,5833)  (5748,5833)  (5748,5781)  (5903,5521)  (5955,5521)  (6007,5521)  (6061,5575)  (6061,5627)  (5747,5625)  (5747,5573)  (5767,5520)  (5819,5520)  (6059,5471)  (5904,5884)  (5852,5884)  (5697,5729)  (5697,5677)
SZ 56  (3321,5506)  (3269,5557)  (3269,5505)  (3372,5558)  (3321,5454)  (3373,5454)  (3373,5506)  (3267,5453)  (3217,5579)  (3217,5527)  (3424,5558)  (3424,5610)  (3319,5402)  (3371,5402)  (3423,5402)  (3425,5454)  (3425,5506)  (3215,5475)  (3215,5423)  (3267,5401)  (3197,5371)  (3165,5579)  (3165,5527)  (3476,5558)  (3476,5610)  (3476,5662)  (3424,5662)  (3477,5486)  (3113,5579)  (3113,5527)  (3528,5656)  (3528,5708)
SZ 55  (3204,4999)  (3152,5050)  (3152,4998)  (3255,5051)  (3204,4947)  (3256,4947)  (3256,4999)  (3150,4946)  (3203,5102)  (3151,5102)  (3100,5050)  (3100,4998)  (3307,5051)  (3307,5103)  (3255,5103)  (3099,5103)  (3202,4895)  (3254,4895)  (3306,4895)  (3308,4947)  (3308,4999)  (3098,4946)  (3098,4894)  (3150,4894)  (3358,4856)  (3203,5154)  (3048,5051)  (3048,4999)  (3359,5051)  (3359,5103)  (3359,5155)  (3307,5155)  (3255,5155)  (3047,5129)  (3202,4843)  (3254,4843)  (3306,4843)  (3360,4908)  (3360,4960)  (3065,4842)  (3117,4842)  (3203,5206)  (2996,5077)  (2996,5025)  (2996,4973)  (3411,5012)  (3411,5064)  (3411,5116)  (3411,5168)  (3359,5207)  (3307,5207)  (3255,5207)  (2995,5129)
SZ 54  (2656,5734)  (2604,5785)  (2604,5733)  (2707,5786)  (2656,5682)  (2708,5682)  (2708,5734)  (2602,5681)  (2655,5837)  (2603,5837)  (2552,5785)  (2552,5733)  (2759,5786)  (2759,5838)  (2707,5838)  (2551,5838)  (2654,5630)  (2706,5630)  (2758,5630)  (2760,5682)  (2760,5734)  (2550,5681)  (2550,5629)  (2602,5629)  (2810,5580)  (2655,5889)  (2603,5889)  (2500,5786)  (2500,5734)  (2811,5786)  (2811,5838)  (2811,5890)  (2759,5890)  (2707,5890)  (2551,5890)  (2499,5890)  (2499,5838)  (2654,5578)  (2706,5578)  (2758,5578)  (2812,5632)  (2812,5684)  (2498,5682)  (2498,5630)  (2498,5578)  (2550,5577)  (2602,5577)  (2810,5528)  (2862,5528)  (2655,5941)  (2603,5941)
Karilia  (5440,133)  (5388,184)  (5388,132)  (5491,185)  (5440,81)  (5492,81)  (5492,133)  (5386,80)  (5439,236)  (5387,236)  (5336,184)  (5336,132)  (5543,185)  (5543,237)  (5491,237)  (5335,237)  (5438,29)  (5490,29)  (5542,29)  (5544,81)  (5544,133)  (5334,80)  (5334,28)  (5386,28)  (5594,0)  (5439,288)  (5387,288)  (5284,185)  (5284,133)  (5595,185)  (5595,237)  (5595,289)  (5543,289)  (5491,289)  (5335,289)  (5283,289)  (5283,237)  (5596,52)  (5596,104)  (5282,81)  (5282,29)  (5646,0)  (5439,340)  (5387,340)  (5232,185)  (5232,133)  (5647,156)  (5647,208)  (5647,260)  (5647,312)  (5595,341)  (5543,341)  (5491,341)  (5335,341)  (5283,341)  (5231,341)  (5231,289)  (5231,237)
SZ 59  (4346,5541)  (4294,5592)  (4294,5540)  (4397,5593)  (4346,5489)  (4398,5489)  (4398,5541)  (4292,5488)  (4345,5644)  (4293,5644)  (4449,5593)  (4449,5645)  (4397,5645)  (4241,5645)  (4344,5437)  (4396,5437)  (4448,5437)  (4450,5489)  (4258,5436)  (4500,5406)  (4345,5696)  (4293,5696)  (4501,5665)  (4449,5697)  (4397,5697)  (4241,5697)  (4189,5697)  (4189,5645)  (4323,5385)  (4375,5385)  (4427,5385)  (4521,5717)  (4479,5354)  (4345,5748)  (4293,5748)  (4469,5749)  (4417,5749)  (4241,5749)  (4189,5749)  (4137,5749)  (4419,5333)
SZ 58  (4234,5952)  (4182,6003)  (4182,5951)  (4285,6004)  (4234,5900)  (4286,5900)  (4286,5952)  (4180,5899)  (4233,6055)  (4181,6055)  (4130,6003)  (4130,5951)  (4337,6004)  (4337,6056)  (4285,6056)  (4129,6056)  (4232,5848)  (4284,5848)  (4336,5848)  (4338,5900)  (4338,5952)  (4128,5899)  (4128,5847)  (4180,5847)  (4388,5813)  (4078,6004)  (4078,5952)  (4389,6004)  (4389,6056)  (4077,6071)  (4390,5865)  (4390,5917)  (4076,5900)  (4076,5848)  (4440,5813)  (4026,6019)  (4026,5967)  (4441,5969)  (4441,6021)  (4025,6071)  (4442,5865)  (4442,5917)  (4024,5915)  (4492,5813)  (3974,6019)  (3974,5967)  (4493,5969)  (4493,6021)  (3973,6071)  (4494,5865)  (4494,5917)
Madagascar  (4605,5410)  (4626,5462)  (4574,5462)  (4570,5358)  (4622,5358)  (4674,5341)  (4596,5514)  (4544,5514)  (4677,5289)  (4570,5566)  (4518,5566)
Ivory Coast  (2640,4206)  (2588,4257)  (2588,4205)  (2691,4258)  (2640,4154)  (2692,4154)  (2692,4206)  (2586,4153)  (2589,4309)  (2536,4279)  (2536,4227)  (2743,4258)  (2638,4102)  (2690,4102)  (2534,4175)  (2569,4101)  (2768,4310)  (2795,4244)  (2795,4362)  (2621,4050)  (2563,4049)  (2820,4296)  (2847,4348)  (2847,4400)  (2795,4414)  (2615,3998)  (2872,4285)  (2563,3967)  (2885,4452)  (2899,4337)  (2899,4389)  (2833,4466)
B. Somaliland  (4489,4367)  (4469,4315)  (4570,4399)  (4442,4263)  (4622,4398)  (4353,4206)  (4674,4390)
SZ 53  (2635,5039)  (2583,5090)  (2583,5038)  (2686,5091)  (2635,4987)  (2687,4987)  (2687,5039)  (2581,4986)  (2634,5142)  (2582,5142)  (2531,5090)  (2531,5038)  (2738,5091)  (2530,5143)  (2739,4956)  (2739,5008)  (2529,4986)  (2514,4934)  (2646,5194)  (2594,5194)  (2479,5091)  (2479,5039)  (2790,5060)  (2790,5112)  (2542,5195)  (2490,5195)  (2478,5143)  (2791,4956)  (2791,5008)  (2477,4987)  (2477,4882)  (2646,5246)  (2594,5246)  (2842,5060)  (2842,5112)  (2542,5247)  (2490,5247)  (2843,4956)  (2843,5008)  (2470,4830)  (2646,5298)  (2594,5298)  (2542,5299)  (2490,5299)  (2470,4778)
SZ 52  (3136,4610)  (3084,4661)  (3084,4609)  (3187,4662)  (3136,4558)  (3188,4558)  (3188,4610)  (3082,4557)  (3239,4662)  (3240,4603)  (3030,4605)  (3291,4655)  (3292,4598)  (2978,4605)  (2926,4605)  (2874,4605)  (2822,4605)
SZ 51  (2553,4524)  (2501,4575)  (2501,4523)  (2604,4576)  (2553,4472)  (2605,4496)  (2499,4471)  (2514,4627)  (2656,4548)  (2656,4600)  (2551,4420)  (2470,4419)  (2514,4679)  (2708,4576)  (2470,4367)  (2470,4142)  (2470,4090)  (2470,4038)  (2470,3986)
SZ 50  (4624,5069)  (4572,5120)  (4572,5068)  (4675,5121)  (4624,5017)  (4676,5017)  (4676,5069)  (4570,5016)  (4623,5172)  (4571,5172)  (4520,5120)  (4520,5068)  (4727,5121)  (4519,5173)  (4622,4965)  (4674,4965)  (4726,4965)  (4728,5017)  (4728,5069)  (4518,5016)  (4518,4964)  (4570,4964)  (4761,5173)  (4628,5224)  (4576,5224)  (4468,5121)  (4468,5069)  (4779,5121)  (4779,5225)  (4524,5225)  (4472,5225)  (4467,5173)  (4780,5062)  (4466,5017)  (4466,4965)  (4813,5173)  (4831,5114)  (4831,5225)  (4832,5062)
I. Somaliland  (4593,4582)  (4541,4604)  (4645,4536)  (4645,4588)  (4593,4634)  (4697,4491)  (4753,4391)
Sweden  (3480,294)  (3428,345)  (3428,293)  (3531,346)  (3480,242)  (3532,242)  (3532,294)  (3426,241)  (3479,397)  (3427,397)  (3376,345)  (3376,293)  (3583,346)  (3583,398)  (3531,398)  (3375,398)  (3478,190)  (3530,190)  (3582,190)  (3584,242)  (3584,294)  (3374,241)  (3374,189)  (3426,189)  (3634,140)  (3479,449)  (3427,449)  (3324,346)  (3324,294)  (3635,346)  (3611,450)  (3559,450)  (3375,450)  (3323,450)  (3323,398)  (3478,138)  (3530,138)  (3582,138)  (3636,192)  (3636,244)  (3322,242)  (3322,190)  (3332,137)  (3384,137)  (3507,501)  (3455,501)  (3272,346)  (3272,294)  (3687,296)  (3608,502)  (3403,502)  (3351,502)  (3271,415)
Mesopotamia  (5925,3032)  (5873,3083)  (5873,3031)  (5976,3084)  (5925,2980)  (5977,2980)  (5977,3032)  (5871,2979)  (5873,3135)  (5821,3135)  (5821,3083)  (5821,3031)  (6028,3084)  (6028,3136)  (5923,2928)  (5975,2928)  (6027,2928)  (6029,2980)  (6029,3032)  (5819,2979)  (5819,2927)  (5871,2927)  (5828,3187)  (5776,3187)  (5769,3135)  (5769,3083)  (5769,3031)  (5923,2876)  (5975,2876)  (6027,2876)  (5767,2979)  (5767,2927)  (5767,2875)  (5819,2875)  (5871,2875)  (5724,3232)  (5803,3239)  (5717,3180)  (5717,3128)  (5717,3076)  (5923,2824)  (5975,2824)  (6027,2824)  (5715,3024)  (5715,2972)  (5782,2823)  (5834,2823)  (5751,3284)  (5699,3284)  (5672,3232)  (5665,3180)  (5665,3128)  (5665,3076)
Basel  (2195,6071)  (2143,6091)  (2201,6019)  (2247,6071)  (2253,6013)  (2091,6091)  (2299,6065)  (2305,6008)  (2351,6060)  (2357,5998)  (2403,6050)
Poland  (4203,1155)  (4151,1206)  (4151,1154)  (4254,1207)  (4203,1103)  (4255,1103)  (4255,1155)  (4149,1102)  (4202,1258)  (4150,1258)  (4099,1206)  (4099,1154)  (4306,1207)  (4306,1259)  (4254,1259)  (4098,1259)  (4201,1051)  (4253,1051)  (4305,1051)  (4307,1103)  (4307,1155)  (4097,1102)  (4097,1050)  (4149,1050)  (4202,1310)  (4150,1310)  (4047,1207)  (4047,1155)  (4358,1207)  (4309,1311)  (4257,1311)  (4098,1311)  (4046,1286)  (4201,999)  (4253,999)  (4305,999)  (4359,1091)  (4359,1143)  (4045,1103)  (3993,1151)
Bulgaria  (4306,2182)  (4254,2233)  (4254,2181)  (4357,2234)  (4306,2130)  (4358,2130)  (4358,2182)  (4252,2129)  (4289,2285)  (4237,2285)  (4202,2233)  (4202,2181)  (4321,2078)  (4373,2078)  (4410,2130)  (4410,2182)  (4200,2129)  (4257,2337)  (4462,2084)
Jordan  (5084,3183)  (5032,3234)  (5032,3182)  (5135,3235)  (5084,3131)  (5136,3131)  (5136,3183)  (5030,3130)  (5083,3286)  (5174,3287)  (5082,3079)  (5134,3079)  (5122,3338)  (5193,3339)  (5060,3027)  (5112,3027)  (5198,3391)  (5063,2975)
SZ 46  (5662,4791)  (5610,4842)  (5610,4790)  (5713,4843)  (5662,4739)  (5714,4739)  (5714,4791)  (5608,4738)  (5661,4894)  (5609,4894)  (5558,4842)  (5558,4790)  (5760,4895)  (5557,4895)  (5660,4687)  (5712,4687)  (5764,4687)  (5556,4738)  (5556,4686)  (5608,4686)  (5816,4686)  (5868,4686)  (5920,4686)  (5972,4686)  (6024,4686)
SZ 45  (5236,4677)  (5184,4728)  (5184,4676)  (5287,4729)  (5236,4625)  (5288,4625)  (5288,4677)  (5182,4624)  (5235,4780)  (5183,4780)  (5132,4728)  (5132,4676)  (5339,4729)  (5339,4781)  (5287,4781)  (5131,4781)  (5234,4573)  (5286,4573)  (5340,4608)  (5340,4660)  (5130,4624)  (5130,4572)  (5182,4572)  (5235,4832)  (5183,4832)  (5080,4711)  (5391,4712)  (5391,4764)  (5391,4816)  (5339,4833)  (5287,4833)  (5131,4833)  (5234,4521)  (5286,4521)  (5392,4608)  (5392,4660)  (5078,4659)  (5078,4607)  (5078,4555)  (5130,4520)  (5182,4520)  (5061,4503)  (5426,4868)  (5028,4711)  (5443,4712)  (5443,4764)  (5443,4816)  (5444,4608)  (5444,4660)  (5026,4659)  (5026,4607)  (5026,4555)
SZ 44  (5809,4378)  (5757,4429)  (5757,4377)  (5860,4430)  (5809,4326)  (5861,4326)  (5861,4378)  (5755,4325)  (5808,4481)  (5756,4481)  (5705,4429)  (5705,4377)  (5912,4430)  (5912,4482)  (5860,4482)  (5704,4482)  (5807,4274)  (5859,4274)  (5911,4274)  (5913,4326)  (5913,4378)  (5703,4325)  (5703,4273)  (5755,4273)  (5808,4533)  (5756,4533)  (5964,4430)  (5964,4482)  (5964,4534)  (5912,4534)  (5860,4534)  (5704,4534)  (5807,4222)  (5859,4222)  (5965,4278)  (5965,4330)  (5651,4257)  (5703,4221)  (5755,4221)  (5635,4205)  (5808,4585)  (5756,4585)  (6016,4410)  (6016,4462)  (6016,4514)  (6016,4566)  (5964,4586)  (5912,4586)  (5860,4586)  (5704,4586)  (5807,4170)
SZ 43  (5216,4217)  (5164,4268)  (5164,4216)  (5267,4269)  (5216,4165)  (5268,4165)  (5268,4217)  (5162,4164)  (5215,4320)  (5163,4320)  (5112,4268)  (5112,4216)  (5304,4321)  (5111,4321)  (5214,4113)  (5266,4113)  (5318,4113)  (5320,4165)  (5320,4217)  (5110,4164)  (5110,4112)  (5162,4112)  (5370,4063)  (5252,4372)  (5200,4372)  (5060,4269)  (5060,4217)  (5304,4373)  (5148,4373)  (5096,4373)  (5059,4321)  (5214,4061)  (5266,4061)  (5318,4061)  (5372,4115)  (5372,4167)  (5372,4219)  (5058,4165)  (5058,4113)  (5058,4061)  (5110,4060)  (5162,4060)  (5044,4388)  (5422,4043)  (5252,4424)  (5200,4424)  (5008,4269)  (5008,4217)  (5304,4425)  (5148,4425)  (5096,4425)  (5007,4336)
SZ 49  (5040,5092)  (4988,5143)  (4988,5091)  (5091,5144)  (5092,5062)  (5116,5010)  (4936,5145)  (4936,5093)  (5143,5114)  (5144,5062)  (5116,4958)
SZ 48  (5355,5032)  (5303,5083)  (5303,5031)  (5406,5084)  (5355,4980)  (5407,4980)  (5407,5032)  (5301,4979)  (5354,5135)  (5302,5135)  (5251,5083)  (5251,5031)  (5458,5084)  (5458,5136)  (5406,5136)  (5250,5136)  (5459,4930)  (5459,4982)  (5249,4979)
SZ 47  (5663,5049)  (5611,5100)  (5611,5048)  (5714,5101)  (5663,4997)  (5715,4997)  (5715,5049)  (5609,4996)  (5559,5145)  (5559,5093)  (5766,5101)  (5557,5041)  (5557,4989)  (5818,5086)  (5818,5138)  (5870,5086)  (5870,5138)  (5922,5086)  (5922,5138)  (5974,5086)  (5974,5138)  (6026,5086)  (6026,5138)
SZ 42  (4730,4630)  (4678,4681)  (4781,4682)  (4749,4578)  (4782,4630)  (4801,4559)  (4729,4733)  (4677,4733)  (4833,4682)  (4625,4734)  (4834,4611)  (4783,4507)  (4835,4507)  (4853,4559)  (4752,4785)  (4700,4785)  (4648,4786)  (4596,4786)  (4806,4455)  (4858,4455)  (4544,4815)  (4752,4837)  (4700,4837)  (4648,4838)  (4596,4838)  (4830,4403)  (4882,4403)  (4544,4867)  (4492,4867)  (4838,4351)  (4827,4299)  (4879,4299)  (4752,4287)  (4804,4247)  (4856,4247)  (4843,4195)
SZ 41  (4423,4123)  (4371,4083)  (4474,4175)  (4422,4175)  (4330,4031)  (4311,3979)  (4604,4304)  (4656,4291)
SZ 40  (5077,3879)  (5025,3914)  (5025,3862)  (5128,3931)  (5077,3827)  (5129,3850)  (5007,3810)  (5076,3966)  (5180,3902)  (5180,3954)  (5128,3983)  (4971,3758)  (5232,3958)  (4919,3748)  (5284,3971)  (5336,3970)
Sicily  (3434,2723)  (3379,2712)  (3487,2733)
German Southwest Africa  (3618,5483)  (3566,5533)  (3566,5481)  (3669,5535)  (3618,5431)  (3670,5431)  (3670,5483)  (3563,5429)  (3617,5585)  (3699,5587)  (3615,5379)  (3667,5379)  (3722,5389)  (3722,5441)  (3511,5391)  (3563,5377)  (3647,5637)  (3595,5637)  (3697,5689)  (3645,5689)
Russian Infiltration  (4639,3810)  (4587,3861)  (4587,3809)  (4690,3862)  (4639,3758)  (4691,3758)  (4691,3810)  (4585,3757)  (4535,3888)  (4535,3836)  (4742,3862)  (4637,3706)  (4689,3706)  (4741,3706)  (4743,3758)  (4743,3810)  (4533,3784)  (4533,3732)  (4793,3706)  (4483,3888)  (4483,3836)  (4794,3862)  (4795,3758)  (4795,3810)  (4481,3784)  (4431,3888)  (4431,3836)  (4379,3888)  (4379,3836)  (4327,3888)
Normandy  (2325,1666)  (2273,1711)  (2273,1659)  (2376,1718)  (2325,1614)  (2377,1614)  (2377,1666)  (2324,1763)  (2221,1676)  (2428,1763)  (2376,1770)  (2324,1562)  (2376,1562)  (2429,1567)  (2429,1619)  (2429,1671)  (2182,1624)  (2324,1815)  (2385,1822)  (2130,1638)
BR 3  (4114,3802)  (4062,3853)  (4062,3801)  (4165,3854)  (4114,3750)  (4166,3750)  (4166,3802)  (4060,3749)  (4010,3888)  (4010,3836)  (4218,3706)  (4218,3758)  (4218,3810)  (4008,3784)  (4008,3732)  (3958,3888)  (3958,3836)  (4270,3706)  (4270,3758)  (3956,3784)  (3906,3888)  (3906,3836)  (4322,3706)  (4322,3758)  (3904,3784)  (3854,3888)  (3854,3836)  (4374,3706)  (3802,3888)  (4426,3706)  (3750,3888)
BR 2  (3591,3802)  (3539,3853)  (3539,3801)  (3642,3854)  (3591,3750)  (3643,3750)  (3643,3802)  (3537,3749)  (3487,3888)  (3487,3836)  (3695,3706)  (3695,3758)  (3695,3810)  (3485,3784)  (3485,3732)  (3435,3888)  (3435,3836)  (3747,3706)  (3747,3758)  (3433,3784)  (3383,3888)  (3383,3836)  (3799,3706)  (3799,3758)  (3331,3888)  (3851,3706)
BR 1  (3098,3802)  (3046,3853)  (3046,3801)  (3149,3854)  (3098,3750)  (3150,3750)  (3150,3802)  (3044,3749)  (2994,3888)  (2994,3836)  (3201,3854)  (3202,3706)  (3202,3758)  (2992,3784)  (2992,3732)  (2942,3888)  (2942,3836)  (3253,3810)  (3254,3706)  (3254,3758)  (2940,3784)  (2940,3732)  (2890,3888)  (2890,3836)  (3306,3706)  (3306,3758)  (3358,3706)
Cameroon  (3528,4541)  (3476,4592)  (3476,4540)  (3579,4593)  (3528,4489)  (3580,4489)  (3580,4541)  (3474,4488)  (3527,4644)  (3475,4644)  (3424,4592)  (3424,4540)  (3631,4593)  (3631,4645)  (3579,4645)  (3423,4645)  (3526,4437)  (3578,4437)  (3632,4514)  (3628,4697)  (3515,4385)  (3567,4385)  (3538,4333)
Gibraltar  (2019,2724)  (1967,2746)  (1967,2694)  (2055,2776)  (2019,2672)  (2071,2682)  (2001,2798)
Cyprus  (4835,2960)
Kiel  (3105,1086)  (3053,1137)  (3053,1085)  (3138,1138)  (3105,1034)  (3157,1034)  (3157,1086)  (3086,1189)  (3034,1189)  (3001,1137)  (3001,1085)  (3104,982)  (3156,982)  (3209,1017)  (3209,1069)  (2982,1208)  (3091,930)  (3083,878)
Ruhr  (3037,1352)  (2985,1403)  (2985,1351)  (3088,1404)  (3037,1300)  (3089,1300)  (3089,1352)  (2983,1299)  (3022,1455)  (2933,1367)  (3141,1315)  (3141,1367)  (2931,1315)
Kiev  (4520,1401)  (4468,1452)  (4468,1400)  (4571,1453)  (4520,1349)  (4572,1349)  (4572,1401)  (4466,1348)  (4519,1504)  (4467,1504)  (4416,1452)  (4416,1400)  (4623,1453)  (4623,1505)  (4571,1505)  (4415,1505)  (4518,1297)  (4570,1297)  (4622,1297)  (4624,1349)  (4624,1401)  (4414,1348)  (4416,1296)  (4674,1275)  (4364,1453)  (4364,1401)  (4612,1557)  (4363,1538)  (4676,1327)  (4676,1379)  (4676,1431)  (4728,1294)
Smolensk  (4799,730)  (4747,781)  (4747,729)  (4850,782)  (4799,678)  (4851,678)  (4851,730)  (4745,677)  (4798,833)  (4746,833)  (4695,781)  (4695,729)  (4902,782)  (4902,834)  (4850,834)  (4797,626)  (4849,626)  (4901,626)  (4903,678)  (4903,730)  (4693,677)  (4693,625)  (4745,625)  (4953,576)  (4798,885)  (4746,885)  (4643,781)  (4643,729)  (4954,782)  (4954,834)  (4954,886)  (4902,886)  (4850,886)  (4797,574)  (4849,574)  (4901,574)  (4955,714)  (4641,677)  (4641,625)  (4641,573)  (4693,573)  (4745,573)  (4953,524)  (4798,937)  (4746,937)  (5006,818)  (4899,938)  (4863,522)  (4589,703)  (4589,651)  (4589,599)
Oman  (4802,4115)  (4750,4166)  (4854,4069)  (4698,4189)  (4698,4137)  (4906,4046)  (4933,3984)  (4646,4214)  (4958,4036)  (4926,3932)  (4985,3969)  (4594,4239)  (4594,4187)  (4911,3880)
Armenia  (5705,2474)  (5653,2525)  (5653,2473)  (5756,2526)  (5705,2422)  (5757,2422)  (5757,2474)  (5651,2421)  (5704,2577)  (5652,2577)  (5601,2525)  (5601,2473)  (5808,2526)  (5808,2578)  (5756,2578)  (5600,2578)  (5703,2370)  (5755,2370)  (5807,2370)  (5809,2422)  (5809,2474)  (5599,2421)  (5599,2369)  (5651,2369)  (5859,2320)  (5704,2629)  (5652,2629)  (5549,2526)  (5549,2474)  (5860,2526)  (5860,2578)  (5860,2630)  (5808,2630)  (5756,2630)  (5600,2630)  (5548,2630)  (5548,2578)  (5703,2318)  (5755,2318)  (5807,2318)  (5861,2372)  (5861,2424)  (5547,2422)  (5547,2370)  (5547,2318)  (5599,2317)  (5651,2317)  (5859,2268)  (5911,2318)  (5704,2681)  (5652,2681)  (5497,2526)  (5497,2474)
Rome  (3357,2314)  (3301,2324)  (3410,2313)  (3327,2262)  (3373,2367)  (3381,2261)  (3274,2270)  (3430,2369)
Belgian Congo  (3888,4807)  (3836,4858)  (3836,4806)  (3939,4859)  (3888,4755)  (3940,4755)  (3940,4807)  (3834,4754)  (3887,4910)  (3835,4910)  (3784,4848)  (3991,4859)  (3991,4911)  (3939,4911)  (3886,4703)  (3938,4703)  (3990,4703)  (3992,4755)  (3992,4807)  (3782,4733)  (3834,4702)  (3761,4681)  (4042,4653)  (3887,4962)  (3835,4962)  (4028,4963)  (3976,4963)  (3886,4651)  (3938,4651)  (3990,4651)  (4044,4705)  (3813,4650)  (3709,4712)  (3709,4660)  (3761,4629)  (4094,4603)  (3924,5014)  (3872,5014)  (3820,5014)  (3993,5015)  (3941,5066)  (3889,5066)  (3837,5066)  (3993,5080)
SZ 8  (2367,1382)  (2315,1433)  (2315,1381)  (2418,1434)  (2419,1339)  (2366,1485)  (2263,1453)  (2263,1401)  (2470,1391)  (2471,1323)  (2241,1507)  (2514,1235)  (2211,1455)  (2211,1403)  (2523,1287)  (2260,1559)  (2189,1543)  (2492,1183)  (2544,1183)  (2566,1235)  (2159,1491)  (2159,1439)  (2159,1387)  (2575,1287)  (2137,1547)  (2596,1153)  (2518,1131)  (2618,1205)  (2107,1495)  (2107,1443)  (2627,1257)  (2085,1553)  (2570,1101)  (2622,1101)  (2648,1153)  (2055,1501)  (2055,1449)  (2033,1577)  (2003,1525)  (2003,1473)  (1981,1577)
SZ 7  (3166,432)  (3114,483)  (3114,431)  (3217,484)  (3166,380)  (3165,535)  (3113,535)  (3062,483)  (3254,536)  (3061,536)  (3202,587)  (3273,588)  (3070,588)  (3018,588)  (3009,536)  (3301,640)  (3249,640)  (3301,692)  (3249,692)  (3193,771)  (3207,823)  (3155,823)  (3190,875)
SZ 6  (2399,755)  (2347,806)  (2347,754)  (2450,807)  (2399,703)  (2451,703)  (2451,755)  (2345,702)  (2398,858)  (2295,790)  (2502,807)  (2502,859)  (2450,859)  (2397,651)  (2449,651)  (2503,746)  (2293,738)  (2293,686)  (2345,650)  (2277,634)  (2398,910)  (2554,886)  (2502,911)  (2450,911)  (2397,599)  (2449,599)  (2329,598)  (2225,650)  (2225,598)  (2277,582)  (2572,938)  (2520,963)  (2468,963)  (2416,963)  (2381,547)  (2433,547)  (2329,546)  (2232,530)  (2591,990)  (2539,1015)  (2381,495)  (2433,495)  (2284,494)
Algeria  (2705,3009)  (2653,3060)  (2653,3008)  (2756,3061)  (2705,2957)  (2757,2957)  (2757,3009)  (2651,2956)  (2704,3112)  (2652,3112)  (2601,3060)  (2601,3008)  (2808,3061)  (2808,3113)  (2756,3113)  (2600,3113)  (2703,2905)  (2755,2905)  (2807,2905)  (2809,2957)  (2809,3009)  (2599,2956)  (2599,2904)  (2651,2904)  (2859,2855)  (2704,3164)  (2652,3164)  (2549,3061)  (2549,3009)  (2860,3061)  (2860,3113)  (2860,3165)  (2808,3165)  (2756,3165)  (2600,3165)  (2548,3165)  (2548,3113)  (2703,2853)  (2755,2853)  (2807,2853)  (2861,2907)  (2861,2959)  (2547,2957)  (2547,2905)  (2547,2853)  (2599,2852)  (2651,2852)  (2911,2821)  (2497,3061)  (2912,3011)  (2912,3063)  (2912,3115)  (2912,3167)
SZ 5  (2665,340)  (2613,391)  (2613,339)  (2716,392)  (2665,288)  (2717,288)  (2717,340)  (2611,287)  (2664,443)  (2612,443)  (2561,391)  (2561,339)  (2768,392)  (2768,444)  (2716,444)  (2560,444)  (2663,236)  (2715,236)  (2767,236)  (2769,288)  (2769,340)  (2559,287)  (2559,235)  (2611,235)  (2631,495)  (2509,392)  (2509,340)  (2820,419)  (2820,471)  (2579,496)  (2527,496)  (2508,444)  (2744,184)  (2507,288)  (2507,236)  (2631,547)  (2872,473)  (2579,548)  (2527,548)  (2743,132)  (2743,80)  (2743,28)
SZ 4  (2261,307)  (2209,358)  (2209,306)  (2312,359)  (2261,255)  (2313,255)  (2313,307)  (2207,254)  (2260,410)  (2157,404)  (2364,359)  (2364,411)  (2312,411)  (2365,226)  (2365,278)  (2155,263)  (2155,211)  (2112,159)  (2164,159)  (2416,330)  (2416,382)  (2417,226)  (2417,278)  (2103,263)  (2103,211)  (2060,159)  (2060,107)  (2112,107)  (2164,107)  (2051,278)  (2051,226)  (2028,55)  (2080,55)  (2132,55)  (2184,55)
SZ 3  (1593,198)  (1541,249)  (1541,197)  (1644,250)  (1593,146)  (1645,146)  (1645,198)  (1539,145)  (1592,301)  (1540,301)  (1489,249)  (1489,197)  (1696,250)  (1696,302)  (1644,302)  (1488,302)  (1591,94)  (1643,94)  (1695,94)  (1697,146)  (1697,198)  (1487,145)  (1487,93)  (1539,93)  (1747,44)  (1592,353)  (1540,353)  (1437,250)  (1437,198)  (1748,250)  (1748,302)  (1748,354)  (1696,354)  (1644,354)  (1488,354)  (1436,354)  (1436,302)  (1591,42)  (1643,42)  (1695,42)  (1749,96)  (1749,148)  (1435,146)  (1435,94)  (1435,42)  (1487,41)  (1539,41)  (1799,20)  (1592,405)  (1385,250)  (1385,198)
Abyssinia  (4365,4440)  (4313,4491)  (4313,4439)  (4416,4492)  (4365,4388)  (4417,4388)  (4417,4440)  (4311,4387)  (4364,4543)  (4261,4460)  (4468,4492)  (4468,4544)  (4416,4544)  (4363,4336)  (4469,4439)  (4259,4408)  (4289,4335)  (4520,4491)  (4341,4284)  (4572,4481)
SZ 2  (906,244)  (854,295)  (854,243)  (957,296)  (906,192)  (958,192)  (958,244)  (852,191)  (905,347)  (853,347)  (802,295)  (802,243)  (1009,296)  (1009,348)  (957,348)  (801,348)  (904,140)  (956,140)  (1008,140)  (1010,192)  (1010,244)  (800,191)  (800,139)  (852,139)  (1060,90)  (905,399)  (853,399)  (750,296)  (750,244)  (1061,296)  (1061,348)  (1013,400)  (961,400)  (801,400)  (749,400)  (749,348)  (904,88)  (956,88)  (1008,88)  (1062,142)  (1062,194)  (748,192)  (748,140)  (748,88)  (800,87)  (852,87)  (1060,38)  (1112,38)  (1112,90)  (909,451)  (698,296)  (698,244)
Sarajevo  (3832,2206)  (3780,2212)  (3780,2160)  (3883,2258)  (3832,2154)  (3884,2154)  (3884,2206)  (3896,2310)
SZ 1  (290,267)  (238,318)  (238,266)  (341,319)  (290,215)  (342,215)  (342,267)  (236,214)  (289,370)  (237,370)  (186,318)  (186,266)  (393,319)  (393,371)  (341,371)  (185,371)  (288,163)  (340,163)  (392,163)  (394,215)  (394,267)  (184,214)  (184,162)  (236,162)  (444,113)  (289,422)  (237,422)  (134,319)  (134,267)  (445,319)  (445,371)  (445,423)  (393,423)  (341,423)  (185,423)  (133,423)  (133,371)  (288,111)  (340,111)  (392,111)  (446,165)  (446,217)  (132,215)  (132,163)  (132,111)  (184,110)  (236,110)  (444,61)  (496,61)  (496,113)  (289,474)  (237,474)  (82,319)  (82,267)
Transvaal  (3952,5746)  (3900,5797)  (3900,5745)  (3995,5798)  (3952,5694)  (4004,5694)  (4004,5746)  (3898,5693)  (3943,5849)  (3891,5849)  (3950,5642)  (4002,5642)  (4054,5642)  (4056,5694)  (3839,5859)
Moldova  (4495,1696)  (4443,1747)  (4443,1695)  (4546,1748)  (4495,1644)  (4547,1644)  (4547,1696)  (4441,1643)  (4494,1799)  (4391,1720)  (4598,1748)  (4598,1800)  (4546,1800)  (4493,1592)  (4599,1694)  (4389,1668)  (4389,1616)  (4441,1591)  (4582,1852)
German East Africa  (4237,4944)  (4185,4995)  (4185,4943)  (4288,4996)  (4237,4892)  (4289,4892)  (4289,4944)  (4183,4891)  (4133,4984)  (4340,4996)  (4340,5048)  (4288,5048)  (4242,4840)  (4341,4903)  (4131,4932)  (4131,4880)  (4112,4828)  (4368,5100)  (4316,5100)  (4264,5100)
SZ 13  (1457,812)  (1405,863)  (1405,811)  (1508,864)  (1457,760)  (1509,760)  (1509,812)  (1403,759)  (1456,915)  (1404,915)  (1353,863)  (1353,811)  (1560,864)  (1560,916)  (1508,916)  (1352,916)  (1561,715)  (1561,767)  (1351,759)  (1564,663)  (1301,864)  (1301,812)  (1612,819)  (1612,871)  (1612,950)  (1300,962)  (1613,715)  (1613,767)  (1299,760)  (1616,653)  (1619,1002)  (1567,1002)  (1564,611)  (1249,910)  (1249,858)  (1664,819)  (1248,962)  (1665,705)  (1665,757)  (1247,806)  (1247,754)  (1616,601)  (1668,601)  (1668,653)  (1650,1054)  (1598,1054)  (1564,559)  (1616,549)  (1668,549)
SZ 12  (909,876)  (857,927)  (857,875)  (960,928)  (909,824)  (961,824)  (961,876)  (855,823)  (908,979)  (856,979)  (805,927)  (805,875)  (1012,928)  (1011,980)  (804,980)  (907,772)  (959,772)  (1011,772)  (1013,824)  (1013,876)  (803,823)  (1063,722)  (959,1031)  (907,1031)  (753,928)  (753,876)  (1064,928)  (1011,1032)  (855,1032)  (803,1032)  (752,980)  (870,720)  (922,720)  (974,720)  (1065,774)  (1065,826)  (751,1033)  (751,824)  (1115,715)  (959,1083)  (907,1083)  (701,928)  (701,876)  (1116,878)  (1116,930)  (1011,1084)  (700,981)  (870,668)  (922,668)  (974,668)  (1117,767)  (1117,819)
SZ 11  (271,928)  (219,979)  (219,927)  (322,980)  (271,876)  (323,876)  (323,928)  (217,875)  (270,1031)  (218,1031)  (167,979)  (167,927)  (374,980)  (374,1032)  (322,1032)  (166,1032)  (269,824)  (321,824)  (373,824)  (375,876)  (375,928)  (165,875)  (165,823)  (217,823)  (425,787)  (270,1083)  (218,1083)  (115,980)  (115,928)  (426,980)  (426,1032)  (166,1084)  (114,1084)  (114,1032)  (269,772)  (427,839)  (427,891)  (113,876)  (113,824)  (113,772)  (165,771)  (217,771)  (477,787)  (319,1135)  (267,1135)  (63,980)  (63,928)  (478,943)  (478,995)  (478,1047)  (215,1136)  (163,1136)  (111,1136)  (62,1084)  (62,1032)  (62,720)
SZ 10  (3747,727)  (3695,774)  (3695,722)  (3747,675)  (3799,682)  (3799,734)  (3689,670)  (3819,786)  (3643,774)  (3643,722)  (3851,692)  (3637,670)  (3857,838)  (3871,744)  (3591,774)  (3909,796)  (3827,890)  (3923,727)  (3539,774)
Tunesia  (3053,3018)  (3001,3041)  (3001,2989)  (3104,3070)  (3053,2966)  (3105,2966)  (3105,3018)  (3052,3093)  (3156,3092)  (3104,3122)  (3026,2914)  (3078,2914)  (3130,2914)  (3178,3144)  (3182,2914)  (3126,3174)  (3011,2862)  (3063,2862)  (3115,2862)  (3156,3226)  (3104,3226)  (3032,2810)  (3084,2810)  (3136,2810)
SZ 17  (924,1482)  (872,1533)  (872,1481)  (975,1534)  (924,1430)  (976,1430)  (976,1482)  (870,1429)  (923,1585)  (871,1585)  (820,1533)  (820,1481)  (1027,1534)  (1027,1586)  (975,1586)  (819,1586)  (922,1378)  (974,1378)  (1026,1378)  (1028,1430)  (1028,1482)  (818,1429)  (870,1365)  (1078,1328)  (923,1637)  (871,1637)  (768,1534)  (768,1482)  (1029,1638)  (977,1638)  (819,1638)  (767,1638)  (767,1586)  (922,1326)  (974,1326)  (1026,1326)  (1080,1380)  (1080,1432)  (1080,1484)  (766,1430)  (870,1313)  (1130,1313)  (925,1689)  (873,1689)  (716,1534)  (716,1482)  (1029,1690)  (977,1690)  (715,1664)  (715,1612)  (922,1274)  (974,1274)  (1132,1365)  (1132,1417)  (1132,1469)
SZ 16  (287,1517)  (235,1568)  (235,1516)  (338,1569)  (287,1465)  (339,1465)  (339,1517)  (233,1464)  (286,1620)  (234,1620)  (183,1568)  (183,1516)  (390,1569)  (390,1621)  (338,1621)  (182,1621)  (285,1413)  (391,1417)  (391,1469)  (181,1464)  (181,1412)  (233,1412)  (286,1672)  (234,1672)  (131,1569)  (131,1517)  (442,1521)  (442,1573)  (442,1625)  (182,1673)  (130,1673)  (130,1621)  (285,1361)  (443,1417)  (443,1469)  (129,1465)  (129,1413)  (129,1361)  (181,1360)  (233,1360)  (315,1724)  (263,1724)  (79,1569)  (79,1517)  (494,1521)  (494,1573)  (494,1625)  (211,1725)  (159,1725)  (107,1725)  (78,1673)  (78,1621)  (78,1309)
SZ 15  (3882,512)  (3830,563)  (3830,511)  (3933,564)  (3934,469)  (3961,417)  (3881,615)  (3829,615)  (3778,563)  (3778,511)  (3986,469)  (4013,381)  (3961,365)  (3726,604)  (3726,552)  (3726,500)  (4038,433)  (4065,351)  (3674,593)  (3674,541)  (3674,489)  (4090,403)  (4090,455)  (4114,507)  (4136,559)  (4142,453)
SZ 14  (1892,682)  (1840,723)  (1840,671)  (1943,734)  (1892,630)  (1828,619)  (1788,735)  (1788,683)  (1962,786)  (1880,578)  (1776,631)  (1776,579)  (1828,567)  (1736,768)  (1736,716)  (1736,527)  (1880,526)  (1788,515)  (2062,853)  (2010,870)  (1840,474)  (1892,474)  (1768,463)  (2098,905)  (2046,922)  (1994,922)  (1820,422)  (1872,422)  (2115,957)  (2063,974)  (2011,974)  (1959,974)  (1924,385)  (1829,370)  (2004,1026)  (1881,333)  (1933,333)  (1952,1058)  (2040,1093)  (1988,1110)
Nancy  (1618,5869)  (1566,5920)  (1566,5868)  (1669,5921)  (1618,5817)  (1670,5817)  (1670,5869)  (1564,5816)  (1617,5972)  (1565,5972)  (1514,5920)  (1514,5868)  (1721,5921)  (1721,5973)  (1669,5973)  (1513,5973)  (1616,5765)  (1668,5765)  (1720,5765)  (1722,5817)  (1722,5869)  (1512,5816)  (1512,5764)  (1564,5764)  (1772,5715)  (1617,6024)  (1565,6024)  (1462,5921)  (1462,5869)  (1773,5921)  (1773,5973)  (1773,6025)  (1721,6025)  (1669,6025)  (1513,6025)  (1461,6025)  (1461,5973)  (1616,5713)  (1668,5713)  (1720,5713)  (1774,5767)  (1774,5819)  (1460,5817)  (1460,5765)  (1460,5713)  (1512,5712)  (1564,5712)  (1772,5663)  (1824,5663)  (1824,5715)  (1617,6076)  (1565,6076)  (1410,5921)  (1410,5869)
Scotland  (2068,555)  (2016,606)  (2016,554)  (2101,607)  (2068,503)  (2120,503)  (2120,555)  (2014,502)  (2049,658)  (2134,659)  (2172,466)  (1987,450)  (2039,421)  (2082,710)  (2150,711)  (2024,369)  (2098,762)  (2076,340)  (2046,782)
Innsbruck  (3402,1696)  (3350,1730)  (3350,1678)  (3453,1748)  (3437,1644)  (3454,1696)  (3489,1613)  (3298,1729)  (3298,1677)  (3506,1665)  (3506,1717)  (3541,1598)  (3246,1728)  (3246,1676)  (3558,1650)
United States Mobilizes  (141,3788)  (89,3839)  (89,3787)  (192,3840)  (141,3736)  (193,3736)  (193,3788)  (87,3735)  (37,3888)  (37,3836)  (244,3840)  (245,3706)  (245,3758)  (35,3784)  (35,3732)  (296,3810)  (296,3862)  (297,3712)  (348,3764)  (348,3816)  (348,3868)  (400,3775)  (400,3827)  (400,3879)  (452,3807)  (452,3859)  (504,3838)  (556,3870)
Chantilly  (212,5693)  (160,5744)  (160,5692)  (263,5745)  (212,5641)  (264,5641)  (264,5693)  (158,5640)  (211,5796)  (159,5796)  (108,5744)  (108,5692)  (315,5745)  (315,5797)  (263,5797)  (107,5797)  (210,5589)  (262,5589)  (314,5589)  (316,5641)  (316,5693)  (106,5640)  (106,5588)  (158,5588)  (366,5539)  (211,5848)  (159,5848)  (56,5745)  (56,5693)  (367,5745)  (367,5797)  (367,5849)  (315,5849)  (263,5849)  (107,5849)  (55,5849)  (55,5797)  (210,5537)  (262,5537)  (314,5537)  (368,5591)  (368,5643)  (54,5641)  (54,5589)  (54,5537)  (106,5536)  (158,5536)  (366,5487)  (418,5487)  (418,5539)  (211,5900)  (159,5900)  (4,5745)  (4,5693)
Flanders  (71,4387)  (19,4438)  (19,4386)  (122,4439)  (71,4335)  (123,4335)  (123,4387)  (17,4334)  (70,4490)  (18,4490)  (171,4491)  (69,4283)  (121,4283)  (173,4283)  (175,4335)  (175,4387)  (0,4282)  (119,4542)  (67,4542)  (15,4542)  (52,4231)  (104,4231)  (156,4231)  (0,4230)  (150,4594)  (98,4594)  (46,4594)  (52,4179)  (104,4179)  (156,4179)  (0,4178)  (128,4646)  (76,4646)  (24,4646)  (52,4127)  (104,4127)  (156,4127)  (0,4126)  (126,4698)  (74,4698)  (22,4698)  (52,4075)  (104,4075)  (156,4075)  (0,4074)  (120,4750)  (68,4750)  (16,4750)  (52,4023)  (104,4023)  (156,4023)
Romania  (4339,1936)  (4287,1987)  (4287,1935)  (4390,1988)  (4339,1884)  (4391,1884)  (4391,1936)  (4285,1883)  (4235,2037)  (4235,1985)  (4442,1988)  (4337,1832)  (4443,1866)  (4443,1918)  (4233,1933)  (4183,2047)  (4183,1995)  (4494,1970)  (4494,2022)  (4337,1780)  (4495,1913)  (4181,1943)  (4131,2013)  (4546,1971)
American Isolationism  (2227,3799)  (2175,3850)  (2175,3798)  (2278,3851)  (2227,3747)  (2279,3747)  (2279,3799)  (2173,3746)  (2123,3888)  (2123,3836)  (2330,3851)  (2331,3706)  (2331,3758)  (2121,3784)  (2121,3732)  (2382,3810)  (2382,3862)  (2383,3706)  (2383,3758)  (2069,3830)  (2069,3778)  (2069,3726)  (2017,3717)
Togoland  (3040,4409)  (2988,4403)  (3091,4461)  (3039,4461)  (3049,4357)  (3092,4409)  (3101,4348)  (2987,4482)
Persia  (5352,3793)  (5300,3844)  (5300,3792)  (5403,3845)  (5352,3741)  (5404,3741)  (5404,3793)  (5298,3740)  (5351,3896)  (5299,3896)  (5248,3844)  (5248,3792)  (5455,3845)  (5455,3897)  (5403,3897)  (5456,3705)  (5456,3757)  (5246,3740)  (5196,3810)  (5507,3809)  (5507,3861)  (5507,3913)  (5455,3949)  (5508,3705)  (5508,3757)  (5194,3758)  (5194,3706)  (5512,3965)  (5560,3732)  (5142,3780)  (5142,3728)  (5090,3728)
SZ 9  (2823,885)  (2771,936)  (2771,884)  (2874,937)  (2823,833)  (2875,833)  (2875,885)  (2769,832)  (2822,988)  (2770,988)  (2719,936)  (2719,884)  (2926,937)  (2926,989)  (2874,989)  (2718,989)  (2927,825)  (2927,877)  (2717,832)  (2822,1040)  (2770,1040)  (2667,937)  (2667,885)  (2978,929)  (2978,981)  (2718,1041)  (2666,998)  (2979,825)  (2979,877)  (2665,833)  (2631,781)  (2631,729)  (3030,981)  (2749,1093)  (2614,677)  (2613,853)  (2579,759)  (2732,1145)  (2562,707)  (2562,655)  (2614,625)
Tartarstan  (5953,1250)  (5901,1301)  (5901,1249)  (6004,1302)  (5953,1198)  (6005,1198)  (6005,1250)  (5899,1197)  (5952,1353)  (5900,1353)  (5849,1301)  (5849,1249)  (6056,1302)  (6056,1354)  (6004,1354)  (5848,1354)  (5951,1146)  (6003,1146)  (6055,1146)  (6057,1198)  (6057,1250)  (5847,1197)  (5847,1145)  (5899,1145)  (5952,1405)  (5900,1405)  (6091,1406)  (6039,1406)  (5848,1406)  (5796,1406)  (5951,1094)  (6003,1094)  (6055,1094)  (5795,1241)  (5795,1189)  (5846,1093)  (5898,1093)  (5987,1457)  (5935,1457)  (6091,1458)  (6039,1458)  (5883,1458)  (5831,1458)  (5950,1042)  (6002,1042)  (6054,1042)  (5743,1217)  (5743,1165)  (5888,1041)  (5987,1509)  (5935,1509)
Ankara  (5039,2463)  (4987,2514)  (4987,2462)  (5090,2515)  (5039,2411)  (5091,2411)  (5091,2463)  (4985,2410)  (4935,2543)  (4935,2491)  (5142,2515)  (5143,2426)  (4933,2439)  (4933,2387)  (5164,2567)  (4910,2335)  (4883,2542)  (5194,2478)  (4881,2490)  (4881,2438)  (5216,2530)  (5216,2582)  (4858,2386)  (4831,2550)  (5246,2432)  (4829,2498)  (4829,2446)  (5268,2484)  (5268,2536)  (4806,2394)  (4779,2574)  (5298,2426)  (4777,2522)  (5320,2532)  (5320,2584)
Crimea  (4951,1427)  (4899,1478)  (4899,1426)  (5002,1479)  (4951,1375)  (5003,1375)  (5003,1427)  (4897,1374)  (4950,1530)  (4898,1530)  (4847,1478)  (4847,1426)  (5054,1479)  (5054,1531)  (5002,1531)  (4846,1531)  (4949,1323)  (5001,1323)  (5055,1338)  (5055,1390)  (4845,1374)  (4845,1322)  (4897,1322)  (4950,1582)  (4795,1479)  (4795,1427)  (5106,1442)  (5106,1494)  (5106,1546)  (5054,1583)  (5002,1583)  (4949,1271)  (5107,1358)  (4863,1270)  (4743,1490)
Angola  (3642,5149)  (3590,5200)  (3590,5148)  (3693,5201)  (3642,5097)  (3694,5097)  (3694,5149)  (3588,5096)  (3641,5252)  (3589,5252)  (3538,5200)  (3745,5201)  (3745,5253)  (3693,5253)  (3537,5253)  (3640,5045)  (3692,5045)  (3744,5045)  (3746,5097)  (3746,5149)  (3536,5085)  (3588,5044)  (3525,5033)  (3641,5304)  (3756,5305)  (3704,5305)  (3485,5294)  (3798,5140)  (3577,4992)  (3513,4981)
Sudan  (4054,4213)  (4002,4264)  (4002,4212)  (4105,4265)  (4054,4161)  (4106,4161)  (4106,4213)  (4000,4160)  (4053,4316)  (4001,4316)  (3950,4264)  (3950,4212)  (4157,4265)  (4157,4317)  (4105,4317)  (3949,4317)  (4052,4109)  (4104,4109)  (4156,4109)  (4158,4161)  (4158,4213)  (3948,4160)  (3948,4108)  (4000,4108)  (4208,4059)  (4053,4368)  (4001,4368)  (3898,4265)  (3898,4213)  (4209,4265)  (4209,4317)  (4190,4369)  (4138,4369)  (3949,4369)  (3897,4369)  (3897,4317)  (4052,4057)  (4104,4057)  (4156,4057)  (4210,4111)  (4210,4163)  (3905,4056)  (3957,4056)  (4208,4007)  (4260,4033)  (4086,4420)  (4034,4420)  (3846,4265)  (4261,4215)  (4180,4421)  (3982,4421)  (3930,4421)  (3845,4319)
US 1  (1789,3802)  (1737,3853)  (1737,3801)  (1840,3854)  (1789,3750)  (1841,3750)  (1841,3802)  (1735,3749)  (1685,3888)  (1685,3836)  (1892,3854)  (1893,3706)  (1893,3758)  (1683,3784)  (1683,3732)  (1633,3854)  (1944,3810)  (1944,3862)  (1945,3725)  (1631,3802)  (1631,3750)  (1996,3837)  (1579,3801)  (1579,3749)  (1527,3750)
Livonia  (4371,538)  (4319,589)  (4319,537)  (4422,590)  (4371,486)  (4423,486)  (4423,538)  (4317,485)  (4370,641)  (4318,641)  (4267,589)  (4267,537)  (4474,590)  (4474,642)  (4422,642)  (4369,434)  (4421,434)  (4265,485)  (4265,433)  (4317,433)  (4370,693)  (4522,694)  (4470,694)  (4369,382)  (4421,382)  (4213,385)  (4265,381)  (4317,381)  (4165,333)  (4531,746)  (4479,746)  (4427,746)  (4369,330)  (4421,330)  (4217,329)  (4269,329)  (4555,798)  (4503,798)  (4451,798)  (4321,278)
Douamont  (1712,5127)  (1660,5178)  (1660,5126)  (1763,5179)  (1712,5075)  (1764,5075)  (1764,5127)  (1658,5074)  (1711,5230)  (1659,5230)  (1608,5178)  (1608,5126)  (1815,5179)  (1815,5231)  (1763,5231)  (1710,5023)  (1762,5023)  (1816,5062)  (1816,5114)  (1606,5074)  (1606,5022)  (1658,5022)  (1711,5282)  (1659,5282)  (1867,5166)  (1867,5218)  (1867,5270)  (1815,5283)  (1763,5283)  (1710,4971)  (1868,5104)  (1554,5054)  (1554,5002)  (1606,4970)  (1658,4970)  (1534,4950)  (1871,5322)  (1711,5334)  (1919,5156)  (1919,5208)  (1819,5335)  (1767,5335)  (1710,4919)  (1502,5005)  (1586,4918)  (1638,4918)  (1482,4953)  (1495,4898)  (1715,5386)  (1971,5177)  (1808,5387)
Portugal  (1845,2464)  (1793,2515)  (1877,2516)  (1813,2412)  (1865,2412)  (1897,2464)  (1917,2392)  (1825,2567)  (1773,2567)  (1814,2360)  (1866,2340)  (1918,2340)  (1877,2608)  (1825,2619)  (1802,2308)  (1854,2288)  (1906,2288)  (1875,2671)  (1823,2671)  (1798,2256)  (1844,2723)
Bar-Le Duc  (1190,5587)  (1138,5638)  (1138,5586)  (1241,5639)  (1190,5535)  (1242,5535)  (1242,5587)  (1136,5534)  (1189,5690)  (1137,5690)  (1086,5638)  (1086,5586)  (1293,5639)  (1293,5691)  (1241,5691)  (1085,5690)  (1188,5483)  (1294,5531)  (1294,5583)  (1084,5534)  (1084,5482)  (1136,5482)  (1189,5742)  (1034,5621)  (1302,5743)  (1250,5743)  (1188,5431)  (1346,5546)  (1346,5598)  (1032,5569)  (1032,5517)  (1042,5430)  (1094,5430)  (1292,5795)  (1240,5795)  (1146,5379)  (1069,5378)  (1267,5847)
Greece  (3978,2483)  (3926,2531)  (3926,2479)  (4029,2535)  (3978,2431)  (4030,2431)  (4030,2483)  (3921,2427)  (3977,2583)  (4059,2587)  (3973,2379)  (4025,2379)  (4077,2379)  (4120,2431)  (4129,2338)  (4010,2698)  (4051,2750)
Svastepole  (4911,1747)  (4859,1798)  (4859,1746)  (4962,1799)  (4911,1695)  (4963,1695)  (4963,1747)  (4857,1694)  (4910,1850)  (4858,1850)  (4807,1798)  (4807,1746)  (5014,1799)  (4806,1851)  (4909,1643)  (5015,1651)  (5015,1703)  (4805,1694)  (4805,1642)  (4857,1642)  (4755,1799)  (4755,1747)  (5066,1755)  (5067,1647)  (5067,1699)  (4753,1695)  (4753,1643)  (4753,1591)  (4888,1926)  (4703,1800)  (4703,1748)  (5118,1751)  (5119,1641)  (5119,1693)  (4701,1696)  (4701,1644)  (4701,1592)  (4940,1967)  (5170,1745)  (5171,1601)  (5171,1653)  (4899,2019)  (5222,1705)
Ypres  (392,4116)  (340,4167)  (340,4115)  (443,4168)  (392,4064)  (444,4064)  (444,4116)  (338,4063)  (391,4219)  (339,4219)  (288,4167)  (288,4115)  (495,4168)  (495,4220)  (443,4220)  (287,4220)  (390,4012)  (442,4012)  (494,4012)  (496,4064)  (496,4116)  (286,4063)  (286,4011)  (338,4011)  (391,4271)  (339,4271)  (547,4168)  (547,4220)  (536,4272)  (484,4272)  (287,4272)  (235,4257)  (390,3960)  (442,3960)  (494,3960)  (244,3959)  (296,3959)  (432,4323)  (380,4323)  (328,4324)
Morocco  (1931,3253)  (1879,3304)  (1879,3252)  (1982,3305)  (1931,3201)  (1983,3201)  (1983,3253)  (1877,3200)  (1930,3356)  (1878,3356)  (1827,3304)  (1827,3252)  (2034,3305)  (1826,3357)  (1929,3149)  (1981,3149)  (2033,3149)  (2035,3201)  (2035,3253)  (1825,3200)  (1825,3148)  (1877,3148)  (2085,3117)  (1892,3408)  (1775,3305)  (1775,3253)  (1840,3409)  (1788,3409)  (1774,3357)  (2087,3169)  (2087,3221)  (1736,3447)  (1864,3461)  (1812,3461)  (2139,3118)  (2139,3170)  (2139,3222)  (1760,3499)  (1708,3499)  (2191,3122)  (2191,3174)  (2191,3226)  (1656,3527)  (1773,3551)  (1721,3551)  (2243,3105)  (2243,3157)  (2243,3209)  (2243,3261)  (1669,3579)  (1617,3579)
US 3  (797,3802)  (745,3853)  (745,3801)  (848,3854)  (797,3750)  (849,3750)  (849,3802)  (743,3749)  (693,3870)  (693,3818)  (900,3854)  (901,3729)  (901,3781)  (691,3766)  (691,3714)  (641,3838)  (952,3833)  (952,3885)  (953,3768)  (639,3786)  (639,3734)  (1004,3820)  (1004,3872)  (587,3805)  (587,3753)  (1056,3846)  (535,3773)  (535,3721)  (1108,3885)  (483,3741)  (431,3709)
US 2  (1312,3802)  (1260,3853)  (1260,3801)  (1363,3854)  (1312,3750)  (1364,3750)  (1364,3802)  (1258,3749)  (1208,3868)  (1208,3816)  (1415,3854)  (1416,3744)  (1416,3796)  (1206,3764)  (1206,3712)  (1156,3828)  (1467,3848)  (1468,3796)  (1154,3776)  (1154,3724)  (1519,3848)  (1102,3788)  (1102,3736)  (1050,3749)  (998,3710)
Ardennes  (1568,4510)  (1516,4561)  (1516,4509)  (1619,4562)  (1568,4458)  (1620,4458)  (1620,4510)  (1514,4457)  (1567,4613)  (1515,4613)  (1464,4561)  (1464,4509)  (1671,4562)  (1671,4614)  (1619,4614)  (1463,4614)  (1566,4406)  (1618,4406)  (1670,4406)  (1672,4458)  (1672,4510)  (1462,4457)  (1462,4405)  (1514,4405)  (1722,4356)  (1567,4665)  (1515,4665)  (1412,4562)  (1412,4510)  (1723,4562)  (1723,4614)  (1723,4666)  (1671,4666)  (1619,4666)  (1463,4666)  (1411,4666)  (1411,4614)  (1566,4354)  (1618,4354)  (1670,4354)  (1724,4408)  (1724,4460)  (1410,4458)  (1410,4406)  (1410,4354)  (1462,4353)  (1514,4353)  (1567,4717)  (1515,4717)  (1360,4562)  (1360,4510)
British East Africa  (4321,4694)  (4269,4701)  (4372,4746)  (4348,4642)  (4373,4694)  (4267,4649)  (4320,4753)  (4400,4633)  (4223,4597)  (4424,4746)  (4408,4798)  (4425,4685)  (4215,4692)  (4356,4805)  (4452,4618)  (4171,4581)  (4223,4545)  (4477,4686)  (4163,4687)  (4111,4735)
Istanbul  (4511,2567)  (4459,2618)  (4459,2566)  (4562,2619)  (4511,2515)  (4563,2515)  (4563,2567)  (4457,2514)  (4510,2670)  (4458,2670)  (4407,2573)  (4614,2619)  (4614,2671)  (4562,2671)  (4406,2656)  (4565,2463)  (4615,2515)  (4615,2567)  (4405,2507)  (4617,2461)  (4510,2722)  (4458,2722)  (4584,2723)  (4667,2513)  (4669,2422)  (4348,2405)  (4400,2382)  (4452,2371)  (4721,2459)  (4335,2353)  (4387,2330)
Verdun  (1365,5255)  (1313,5306)  (1313,5254)  (1416,5307)  (1365,5203)  (1417,5203)  (1417,5255)  (1311,5202)  (1364,5358)  (1312,5358)  (1261,5306)  (1261,5254)  (1468,5307)  (1468,5359)  (1416,5359)  (1260,5359)  (1363,5151)  (1415,5151)  (1467,5151)  (1469,5203)  (1469,5255)  (1259,5202)  (1259,5150)  (1311,5150)  (1519,5139)  (1364,5410)  (1312,5410)  (1209,5307)  (1209,5255)  (1520,5307)  (1520,5359)  (1520,5411)  (1468,5411)  (1416,5411)  (1363,5099)  (1415,5099)  (1467,5099)  (1521,5191)  (1521,5243)  (1207,5203)  (1207,5151)  (1240,5098)  (1292,5098)  (1364,5462)  (1157,5301)  (1572,5295)  (1572,5347)  (1572,5399)  (1514,5463)  (1462,5463)  (1379,5047)  (1431,5047)
French West Africa  (3082,4058)  (3030,4109)  (3030,4057)  (3133,4110)  (3082,4006)  (3134,4006)  (3134,4058)  (3028,4005)  (3081,4161)  (3029,4161)  (2978,4109)  (2978,4057)  (3185,4110)  (3185,4162)  (3133,4162)  (2977,4162)  (3080,3954)  (3132,3954)  (3184,3954)  (3186,4006)  (3186,4058)  (2976,4005)  (2976,3953)  (3028,3953)  (3236,3949)  (3081,4213)  (3029,4213)  (2926,4110)  (2926,4058)  (3237,4110)  (3237,4162)  (3139,4214)  (2977,4214)  (2925,4214)  (2925,4162)  (3238,4001)  (3238,4053)  (2924,4006)  (2924,3954)  (3288,3949)  (3067,4265)  (2874,4110)  (2874,4058)  (3289,4105)  (3289,4157)  (3015,4266)  (2963,4266)  (2873,4201)  (3290,4001)  (3290,4053)  (2872,4006)  (2872,3954)
India  (5859,3865)  (5807,3916)  (5807,3864)  (5910,3917)  (5859,3813)  (5911,3813)  (5911,3865)  (5805,3812)  (5858,3968)  (5806,3968)  (5755,3916)  (5755,3864)  (5962,3917)  (5962,3969)  (5910,3969)  (5754,3969)  (5857,3761)  (5909,3761)  (5961,3761)  (5963,3813)  (5963,3865)  (5753,3812)  (5753,3760)  (5805,3760)  (6013,3711)  (5858,4020)  (5806,4020)  (5703,3917)  (5703,3865)  (6014,3917)  (6014,3969)  (6014,4021)  (5962,4021)  (5910,4021)  (5702,4008)  (5857,3709)  (5909,3709)  (5961,3709)  (6015,3763)  (6015,3815)  (5701,3813)  (5701,3761)  (5701,3709)  (5753,3708)  (5805,3708)  (6065,3704)  (5858,4072)  (5651,3956)  (5651,3904)  (6066,3867)  (6066,3919)  (6066,3971)  (6066,4023)
Canada  (226,2659)  (174,2710)  (174,2658)  (277,2711)  (226,2607)  (278,2607)  (278,2659)  (172,2606)  (225,2762)  (173,2762)  (122,2710)  (122,2658)  (329,2711)  (329,2763)  (277,2763)  (121,2763)  (224,2555)  (276,2555)  (328,2555)  (330,2607)  (330,2659)  (151,2554)  (380,2505)  (221,2814)  (70,2711)  (70,2659)  (169,2815)  (69,2791)  (203,2503)  (255,2503)  (307,2503)  (382,2557)  (37,2607)  (426,2695)  (23,2555)  (432,2498)  (18,2732)  (18,2680)  (434,2550)  (484,2469)  (486,2521)  (536,2469)  (538,2521)  (638,2569)  (690,2574)
Caucusus  (5563,1873)  (5511,1924)  (5511,1872)  (5614,1925)  (5563,1821)  (5615,1821)  (5615,1873)  (5509,1820)  (5562,1976)  (5510,1976)  (5459,1924)  (5459,1872)  (5666,1925)  (5666,1977)  (5614,1977)  (5458,1977)  (5561,1769)  (5613,1769)  (5665,1769)  (5667,1821)  (5667,1873)  (5457,1820)  (5457,1768)  (5509,1768)  (5717,1719)  (5562,2028)  (5510,2028)  (5407,1925)  (5407,1873)  (5718,1925)  (5718,1977)  (5718,2029)  (5666,2029)  (5614,2029)  (5458,2029)  (5406,2029)  (5406,1977)  (5561,1717)  (5613,1717)  (5665,1717)  (5719,1771)  (5719,1823)  (5405,1821)  (5405,1769)  (5405,1717)  (5457,1716)  (5509,1716)  (5717,1667)  (5769,1667)  (5769,1719)  (5562,2080)  (5510,2080)  (5355,1925)  (5355,1873)
South Africa  (3885,5504)  (3833,5555)  (3833,5503)  (3936,5556)  (3885,5452)  (3937,5452)  (3937,5504)  (3831,5451)  (3833,5607)  (3781,5607)  (3781,5555)  (3781,5503)  (3988,5556)  (3883,5400)  (3979,5400)  (3989,5452)  (3989,5504)  (3785,5399)  (4031,5391)  (3808,5659)  (3756,5659)  (4040,5556)  (4041,5443)  (4041,5495)  (4083,5355)  (3803,5711)  (3751,5711)  (4093,5407)  (4093,5459)  (3805,5763)  (3753,5763)  (3701,5766)  (3772,5815)  (3720,5818)  (3753,5870)  (3701,5870)
Pomerania  (3533,1022)  (3481,1052)  (3585,990)  (3585,1042)  (3429,1075)  (3637,957)  (3637,1009)  (3419,1023)  (3377,1085)  (3689,931)  (3689,983)  (3689,1035)  (3367,1033)  (3358,981)  (3741,919)  (3741,971)  (3741,1023)  (3315,1037)
Cologne  (2039,4153)  (1987,4204)  (1987,4152)  (2090,4205)  (2039,4101)  (2091,4101)  (2091,4153)  (1985,4100)  (2038,4256)  (1986,4256)  (1935,4204)  (1935,4152)  (2142,4205)  (2142,4257)  (2090,4257)  (1934,4257)  (2037,4049)  (2089,4049)  (2141,4049)  (2143,4101)  (2143,4153)  (1933,4100)  (1933,4048)  (1985,4048)  (2193,3999)  (2038,4308)  (1986,4308)  (1883,4205)  (1883,4153)  (2194,4205)  (2194,4257)  (2194,4309)  (2142,4309)  (2090,4309)  (1934,4309)  (1882,4309)  (1882,4257)  (2037,3997)  (2089,3997)  (2141,3997)  (2195,4051)  (2195,4103)  (1881,4101)  (1881,4049)  (1881,3997)  (1933,3996)  (1985,3996)  (2245,3949)  (2038,4360)  (1986,4360)  (1831,4205)  (1831,4153)
Saxony  (3438,1417)  (3386,1468)  (3386,1416)  (3489,1469)  (3438,1365)  (3490,1365)  (3490,1417)  (3384,1364)  (3437,1520)  (3334,1450)  (3542,1336)  (3542,1388)  (3594,1327)  (3594,1379)  (3646,1315)  (3646,1367)  (3651,1419)
Crete  (4228,2939)  (4172,2926)  (4287,2945)
United States  (106,3159)  (54,3210)  (54,3158)  (157,3211)  (106,3107)  (158,3107)  (158,3159)  (52,3106)  (105,3262)  (53,3262)  (2,3210)  (2,3158)  (209,3211)  (171,3263)  (1,3263)  (104,3055)  (156,3055)  (208,3055)  (210,3107)  (210,3159)  (0,3106)  (0,3054)  (52,3054)  (260,3005)  (119,3314)  (67,3314)  (15,3315)  (162,3003)  (10,3002)  (214,2953)  (266,2953)  (132,3366)  (80,3366)  (28,3367)  (17,2950)  (318,2931)  (265,2901)  (317,2879)  (158,3474)
Soissons  (489,5121)  (437,5172)  (437,5120)  (540,5173)  (489,5069)  (541,5069)  (541,5121)  (435,5068)  (488,5224)  (436,5224)  (385,5172)  (385,5120)  (592,5173)  (592,5225)  (540,5225)  (384,5225)  (487,5017)  (539,5017)  (591,5017)  (593,5069)  (593,5121)  (383,5068)  (383,5016)  (435,5016)  (643,4967)  (488,5276)  (436,5276)  (333,5173)  (333,5121)  (603,5277)  (551,5277)  (384,5277)  (332,5277)  (332,5225)  (487,4965)  (539,4965)  (591,4965)  (645,5019)  (645,5071)  (331,5069)  (643,4915)  (695,4920)  (499,5328)  (447,5328)  (281,5173)  (281,5121)  (591,5329)  (395,5329)  (280,5245)  (485,4913)  (537,4913)  (589,4913)  (697,4972)  (697,5024)
Cyreniaca  (4042,3270)  (3990,3321)  (3990,3269)  (4093,3322)  (4042,3218)  (4094,3218)  (4094,3270)  (3988,3217)  (3961,3373)  (3938,3321)  (3938,3269)  (4145,3322)  (4146,3233)  (3936,3217)  (4009,3165)  (3909,3402)  (4197,3285)  (4197,3337)  (3857,3446)  (3857,3394)  (4249,3278)  (4249,3330)  (4301,3283)  (4301,3335)  (4353,3292)
Moscow  (5250,670)  (5198,721)  (5198,669)  (5301,722)  (5250,618)  (5302,618)  (5302,670)  (5196,617)  (5249,773)  (5197,773)  (5146,721)  (5146,669)  (5353,722)  (5353,774)  (5301,774)  (5145,774)  (5248,566)  (5300,566)  (5352,566)  (5354,618)  (5354,670)  (5144,617)  (5144,565)  (5196,565)  (5249,825)  (5197,825)  (5094,722)  (5094,670)  (5405,722)  (5405,774)  (5378,826)  (5326,826)  (5145,826)  (5093,808)  (5248,514)  (5300,514)  (5406,588)  (5406,640)  (5092,618)  (5092,566)  (5112,513)  (5164,513)  (5274,877)  (5222,877)  (5042,744)  (5042,692)  (5457,692)  (5040,640)  (5040,588)
Bolshevik Revolution  (2613,3788)  (2561,3839)  (2561,3787)  (2664,3840)  (2613,3736)  (2665,3736)  (2665,3788)  (2559,3735)  (2509,3888)  (2509,3836)  (2716,3840)  (2717,3706)  (2717,3758)  (2507,3784)  (2507,3732)  (2768,3810)  (2768,3862)  (2769,3706)  (2769,3758)  (2821,3706)  (2821,3758)
Mont Blanc  (1201,4873)  (1149,4924)  (1149,4872)  (1252,4925)  (1201,4821)  (1253,4821)  (1253,4873)  (1147,4820)  (1200,4976)  (1148,4976)  (1097,4924)  (1097,4872)  (1304,4925)  (1304,4977)  (1252,4977)  (1096,4977)  (1199,4769)  (1251,4769)  (1303,4769)  (1305,4821)  (1305,4873)  (1095,4820)  (1095,4768)  (1147,4768)  (1355,4765)  (1200,5028)  (1148,5028)  (1045,4925)  (1045,4873)  (1356,4925)  (1356,4977)  (1096,5029)  (1044,5029)  (1044,4977)  (1199,4717)  (1251,4717)  (1357,4817)  (1357,4869)  (1043,4821)  (1094,4716)  (1146,4716)  (1156,5080)  (993,4925)  (993,4873)  (1408,4921)  (1408,4973)  (1104,5081)  (1052,5081)  (1000,5081)  (992,5029)  (992,4977)
Naples  (3568,2416)  (3516,2451)  (3516,2399)  (3603,2468)  (3620,2404)  (3498,2347)  (3550,2347)  (3596,2520)  (3623,2572)
Nigeria  (3297,4362)  (3245,4413)  (3245,4361)  (3348,4414)  (3297,4310)  (3349,4310)  (3349,4362)  (3243,4309)  (3296,4465)  (3244,4465)  (3193,4413)  (3193,4361)  (3400,4414)  (3366,4466)  (3192,4465)  (3401,4271)  (3401,4323)  (3191,4309)  (3215,4257)  (3294,4517)  (3453,4277)  (3453,4329)
Kuwait  (5938,3273)  (5886,3324)  (5886,3272)  (5938,3221)  (5990,3221)  (5990,3273)  (5903,3376)  (5834,3352)  (6042,3263)  (6045,3315)
Portuguese East Africa  (4239,5301)  (4187,5297)  (4253,5353)  (4201,5353)  (4280,5249)  (4291,5301)  (4332,5208)  (4273,5197)  (4343,5260)  (4177,5431)  (4384,5164)  (4395,5216)  (4185,5483)  (4133,5531)  (4187,5535)  (4135,5583)
Sardinia  (3067,2490)  (3086,2542)  (3053,2438)
Burgundy  (2836,1622)  (2784,1645)  (2784,1593)  (2887,1674)  (2836,1570)  (2888,1598)  (2835,1697)  (2803,1518)
Switzerland  (3032,1758)  (2980,1795)  (2980,1743)  (3084,1714)  (3084,1766)  (2928,1789)
Spain  (2200,2396)  (2148,2447)  (2148,2395)  (2251,2448)  (2200,2344)  (2252,2344)  (2252,2396)  (2146,2343)  (2199,2499)  (2147,2499)  (2096,2447)  (2096,2395)  (2303,2448)  (2303,2500)  (2251,2500)  (2095,2500)  (2198,2292)  (2250,2292)  (2302,2292)  (2304,2344)  (2304,2396)  (2094,2343)  (2094,2291)  (2146,2291)  (2354,2242)  (2199,2551)  (2147,2551)  (2044,2448)  (2044,2396)  (2355,2448)  (2355,2500)  (2355,2552)  (2303,2552)  (2251,2552)  (2095,2552)  (2043,2552)  (2043,2500)  (2198,2240)  (2250,2240)  (2302,2240)  (2356,2294)  (2356,2346)  (2042,2344)  (2042,2292)  (2042,2240)  (2094,2239)  (2146,2239)  (2199,2603)  (2147,2603)  (1992,2448)  (1992,2396)
French Equitorial Africa  (3568,4821)  (3516,4872)  (3516,4820)  (3619,4873)  (3568,4769)  (3620,4777)  (3514,4768)  (3464,4860)  (3671,4829)  (3671,4881)  (3672,4774)  (3462,4808)  (3462,4756)  (3679,4933)  (3723,4863)  (3410,4803)  (3410,4751)  (3731,4915)
Bohemia  (3731,1512)  (3679,1563)  (3679,1511)  (3782,1564)  (3731,1460)  (3783,1460)  (3783,1512)  (3627,1589)  (3627,1537)  (3627,1485)  (3834,1564)  (3835,1437)  (3835,1489)  (3575,1526)  (3575,1474)  (3887,1438)  (3887,1490)
SZ 79  (3495,887)  (3443,938)  (3443,886)  (3527,939)  (3499,835)  (3547,887)  (3551,831)  (3391,904)  (3391,852)  (3599,883)  (3603,827)  (3339,900)  (3339,848)  (3655,827)  (3707,827)  (3759,827)
Saratov  (5461,1425)  (5409,1476)  (5409,1424)  (5512,1477)  (5461,1373)  (5513,1373)  (5513,1425)  (5407,1372)  (5460,1528)  (5408,1528)  (5357,1476)  (5357,1424)  (5564,1477)  (5552,1529)  (5356,1529)  (5460,1321)  (5512,1321)  (5564,1321)  (5565,1373)  (5565,1425)  (5355,1372)  (5480,1580)  (5428,1580)  (5305,1477)  (5305,1425)  (5616,1270)  (5616,1477)  (5376,1581)  (5324,1581)  (5304,1529)  (5492,1269)  (5544,1269)  (5617,1322)  (5617,1374)  (5272,1613)  (5253,1477)  (5253,1425)  (5596,1218)  (5668,1257)  (5668,1426)  (5668,1478)  (5387,1633)  (5335,1633)  (5252,1561)  (5516,1217)  (5669,1309)  (5669,1361)  (5220,1373)  (5201,1503)  (5201,1451)  (5568,1166)  (5720,1413)  (5720,1465)
SZ 78  (1470,2949)  (1418,3000)  (1418,2948)  (1521,3001)  (1470,2897)  (1522,2897)  (1522,2949)  (1416,2896)  (1469,3052)  (1417,3052)  (1366,3000)  (1366,2948)  (1573,3001)  (1573,3053)  (1521,3053)  (1365,3053)  (1468,2845)  (1520,2845)  (1572,2845)  (1574,2897)  (1574,2949)  (1364,2896)  (1364,2844)  (1416,2844)  (1624,2828)  (1314,3001)  (1314,2949)  (1625,3001)  (1625,3053)  (1313,3073)  (1626,2880)  (1626,2932)  (1312,2897)  (1312,2845)  (1676,2828)  (1262,3021)  (1262,2969)  (1677,2984)  (1677,3036)  (1261,3073)  (1678,2880)  (1678,2932)  (1260,2917)  (1260,2865)
SZ 77  (947,3322)  (895,3373)  (895,3321)  (998,3374)  (947,3270)  (999,3270)  (999,3322)  (893,3269)  (946,3425)  (894,3425)  (843,3373)  (843,3321)  (1050,3374)  (1050,3426)  (998,3426)  (842,3426)  (945,3218)  (997,3218)  (1049,3218)  (1051,3270)  (1051,3322)  (841,3269)  (841,3217)  (893,3217)  (1101,3210)  (791,3374)  (791,3322)  (1102,3374)  (1102,3426)  (790,3455)  (1103,3262)  (1103,3314)  (789,3270)  (789,3218)  (1153,3210)  (739,3403)  (739,3351)  (1154,3366)  (1154,3418)  (738,3455)  (1155,3262)  (1155,3314)  (737,3299)  (737,3247)
SZ 76  (952,2934)  (900,2985)  (900,2933)  (1003,2986)  (952,2882)  (1004,2882)  (1004,2934)  (898,2881)  (951,3037)  (899,3037)  (848,2985)  (848,2933)  (1055,2986)  (1055,3038)  (1003,3038)  (847,3038)  (950,2830)  (1002,2830)  (1054,2830)  (1056,2882)  (1056,2934)  (846,2881)  (846,2829)  (898,2829)  (1106,2828)  (796,2986)  (796,2934)  (1107,2986)  (1107,3038)  (795,3073)  (1108,2880)  (1108,2932)  (794,2882)  (794,2830)  (1158,2828)  (744,3021)  (744,2969)  (1159,2984)  (1159,3036)  (743,3073)  (1160,2880)  (1160,2932)  (742,2917)  (742,2865)
SZ 71  (1276,1127)  (1224,1178)  (1224,1126)  (1327,1179)  (1276,1075)  (1328,1075)  (1328,1127)  (1222,1074)  (1275,1230)  (1223,1230)  (1172,1178)  (1172,1126)  (1379,1179)  (1379,1231)  (1327,1231)  (1171,1231)  (1274,1023)  (1326,1023)  (1378,1023)  (1380,1075)  (1380,1127)  (1170,1074)  (1170,1022)  (1222,1022)  (1430,1015)  (1120,1179)  (1120,1127)  (1431,1179)  (1431,1231)  (1119,1260)  (1432,1067)  (1432,1119)  (1118,1075)  (1118,1023)  (1482,1015)  (1068,1208)  (1068,1156)  (1483,1171)  (1483,1223)  (1067,1260)  (1484,1067)  (1484,1119)  (1066,1104)  (1066,1052)
SZ 70  (1297,1669)  (1245,1720)  (1245,1668)  (1348,1721)  (1297,1617)  (1349,1617)  (1349,1669)  (1243,1616)  (1296,1772)  (1244,1772)  (1193,1720)  (1193,1668)  (1400,1721)  (1400,1773)  (1348,1773)  (1192,1773)  (1295,1565)  (1347,1565)  (1399,1565)  (1401,1617)  (1401,1669)  (1191,1616)  (1191,1564)  (1243,1564)  (1451,1549)  (1141,1721)  (1141,1669)  (1452,1721)  (1452,1773)  (1140,1794)  (1453,1601)  (1453,1653)  (1139,1617)  (1139,1565)  (1503,1549)  (1089,1742)  (1089,1690)  (1504,1705)  (1504,1757)  (1088,1794)  (1505,1601)  (1505,1653)  (1087,1638)  (1087,1586)
SZ 75  (2468,121)  (2416,172)  (2416,120)  (2519,173)  (2468,69)  (2520,69)  (2520,121)  (2414,68)  (2364,173)  (2364,121)  (2571,173)  (2572,20)  (2572,72)  (2362,69)  (2312,173)  (2312,121)  (2623,124)  (2624,20)  (2624,72)  (2310,69)  (2260,173)  (2260,121)  (2675,124)  (2676,20)  (2676,72)  (2258,69)
SZ 74  (2816,644)  (2764,695)  (2764,643)  (2867,696)  (2816,592)  (2868,592)  (2868,644)  (2762,591)  (2815,747)  (2763,747)  (2712,695)  (2712,643)  (2919,696)  (2919,748)  (2867,748)  (2711,748)  (2814,540)  (2866,540)  (2918,540)  (2920,592)  (2920,644)  (2710,591)  (2710,539)  (2762,539)
SZ 73  (2197,1917)  (2145,1968)  (2145,1916)  (2248,1969)  (2197,1865)  (2249,1868)  (2143,1864)  (2196,2020)  (2144,2020)  (2278,2021)  (2195,1813)  (2095,1812)
SZ 72  (1275,530)  (1223,581)  (1223,529)  (1326,582)  (1275,478)  (1327,478)  (1327,530)  (1221,477)  (1274,633)  (1222,633)  (1171,581)  (1171,529)  (1378,582)  (1378,634)  (1326,634)  (1170,634)  (1273,426)  (1325,426)  (1377,426)  (1379,478)  (1379,530)  (1169,477)  (1169,425)  (1221,425)  (1429,417)  (1119,582)  (1119,530)  (1430,582)  (1430,634)  (1118,662)  (1431,469)  (1431,521)  (1117,478)  (1117,426)  (1481,417)  (1067,610)  (1067,558)  (1482,573)  (1482,625)  (1483,469)  (1483,521)
Arabia  (4686,3999)  (4634,4050)  (4634,3998)  (4735,4051)  (4738,3964)  (4787,4016)  (4582,4043)  (4582,3991)  (4790,3964)  (4530,3970)  (4842,3964)
Vimy  (887,4623)  (835,4674)  (835,4622)  (938,4675)  (887,4571)  (939,4571)  (939,4623)  (833,4570)  (886,4726)  (834,4726)  (783,4674)  (783,4622)  (990,4675)  (986,4727)  (782,4727)  (885,4519)  (937,4519)  (989,4519)  (991,4571)  (991,4623)  (781,4570)  (781,4518)  (833,4518)  (934,4778)  (882,4778)  (830,4779)  (778,4779)  (885,4467)  (937,4467)  (989,4467)  (1043,4567)  (1043,4619)  (729,4583)  (729,4531)  (729,4479)  (781,4466)  (833,4466)  (726,4783)  (922,4830)  (870,4831)  (818,4831)  (885,4415)  (937,4415)  (746,4414)  (798,4414)  (766,4835)  (908,4883)  (856,4883)  (850,4363)  (902,4363)  (954,4363)
SZ 68  (590,1239)  (538,1290)  (538,1238)  (641,1291)  (590,1187)  (642,1187)  (642,1239)  (536,1186)  (589,1342)  (537,1342)  (486,1290)  (486,1238)  (693,1291)  (693,1343)  (641,1343)  (485,1343)  (588,1135)  (640,1135)  (692,1135)  (694,1187)  (694,1239)  (484,1186)  (484,1134)  (536,1134)  (744,1119)  (434,1291)  (434,1239)  (745,1291)  (745,1343)  (433,1364)  (746,1171)  (746,1223)  (432,1187)  (432,1135)  (796,1119)  (382,1312)  (382,1260)  (797,1275)  (797,1327)  (381,1364)  (798,1171)  (798,1223)  (380,1208)  (380,1156)
Trieste  (3618,1970)  (3566,2021)  (3566,1969)  (3669,2022)  (3618,1918)  (3670,1918)  (3670,1970)  (3564,1917)  (3617,2073)  (3721,2022)  (3721,2074)  (3669,2074)  (3722,1941)  (3512,1941)  (3512,1889)  (3564,1865)  (3484,1837)  (3773,2034)  (3681,2126)  (3460,1939)
SZ 67  (596,598)  (544,649)  (544,597)  (647,650)  (596,546)  (648,546)  (648,598)  (542,545)  (595,701)  (543,701)  (492,649)  (492,597)  (699,650)  (699,702)  (647,702)  (491,702)  (594,494)  (646,494)  (698,494)  (700,546)  (700,598)  (490,545)  (490,493)  (542,493)  (750,489)  (440,650)  (440,598)  (751,650)  (751,702)  (439,734)  (752,541)  (752,593)  (438,546)  (438,494)  (802,489)  (388,682)  (388,630)  (803,645)  (803,697)  (387,734)  (804,541)  (804,593)  (386,578)  (386,526)
Brussels  (1288,4085)  (1236,4136)  (1236,4084)  (1339,4137)  (1288,4033)  (1340,4033)  (1340,4085)  (1234,4032)  (1287,4188)  (1235,4188)  (1184,4136)  (1184,4084)  (1391,4137)  (1391,4189)  (1339,4189)  (1183,4189)  (1286,3981)  (1338,3981)  (1390,3981)  (1392,4033)  (1392,4085)  (1182,4032)  (1182,3980)  (1234,3980)  (1442,3949)  (1287,4240)  (1235,4240)  (1132,4137)  (1132,4085)  (1443,4137)  (1443,4189)  (1443,4241)  (1391,4241)  (1339,4241)  (1183,4241)  (1131,4241)  (1131,4189)  (1444,4001)  (1444,4053)  (1130,4033)  (1130,3981)  (1494,3949)  (1287,4292)  (1235,4292)  (1080,4137)  (1080,4085)  (1495,4105)  (1495,4157)  (1495,4209)  (1344,4293)  (1183,4293)  (1131,4293)  (1079,4293)  (1079,4241)  (1079,4189)
SZ 66  (5710,5313)  (5658,5364)  (5658,5312)  (5761,5365)  (5710,5261)  (5762,5261)  (5762,5313)  (5656,5260)  (5709,5416)  (5657,5416)  (5606,5364)  (5606,5312)  (5813,5365)  (5813,5417)  (5761,5417)  (5605,5417)  (5708,5209)  (5760,5209)  (5812,5209)  (5814,5261)  (5814,5313)  (5604,5260)  (5604,5208)  (5656,5208)  (5864,5198)  (5675,5468)  (5623,5469)  (5866,5250)  (5866,5302)  (5916,5198)  (5615,5521)  (5918,5250)  (5968,5198)  (5576,5573)  (5576,5746)  (5615,5798)  (5636,5850)  (5584,5850)  (5671,5902)  (5619,5902)  (5695,5954)  (5643,5954)  (5591,5954)  (6071,5982)  (5685,6006)  (5633,6006)  (5581,6006)  (6071,6034)  (6019,6039)  (5941,6048)  (5694,6058)  (5642,6058)  (5590,6058)
SZ 65  (5363,5879)  (5311,5930)  (5311,5878)  (5414,5931)  (5363,5827)  (5415,5827)  (5415,5879)  (5309,5826)  (5362,5982)  (5310,5982)  (5259,5930)  (5259,5878)  (5466,5931)  (5466,5983)  (5414,5983)  (5258,5983)  (5361,5775)  (5413,5775)  (5465,5775)  (5467,5827)  (5467,5879)  (5257,5826)  (5257,5774)  (5309,5774)  (5517,5725)  (5362,6034)  (5310,6034)  (5207,5931)  (5207,5879)  (5518,5931)  (5518,5983)  (5518,6035)  (5466,6035)  (5414,6035)  (5258,6035)  (5206,6035)  (5206,5983)  (5361,5723)  (5413,5723)  (5465,5723)  (5519,5777)  (5519,5829)  (5205,5827)  (5205,5775)  (5205,5723)  (5257,5722)  (5309,5722)  (5517,5673)  (5400,5671)  (5452,5671)  (5504,5621)
Hungary  (4014,1857)  (3962,1908)  (3962,1856)  (4065,1909)  (4014,1805)  (4066,1805)  (4066,1857)  (3960,1804)  (3990,1960)  (3938,1960)  (3910,1908)  (3910,1856)  (4012,1753)  (4064,1753)  (4116,1753)  (4118,1805)  (4118,1857)  (3886,1984)  (4168,1733)  (3946,2012)  (3858,1932)  (3858,1880)  (4006,1701)  (4079,1701)  (4170,1785)  (4170,1837)  (3890,2036)  (3834,1995)  (4222,1763)  (4222,1815)
Berlin  (3534,1188)  (3482,1239)  (3482,1187)  (3585,1240)  (3534,1136)  (3586,1136)  (3586,1188)  (3480,1135)  (3430,1285)  (3430,1233)  (3638,1106)  (3638,1158)  (3638,1210)  (3428,1181)
SZ 69  (582,1832)  (530,1883)  (530,1831)  (633,1884)  (582,1780)  (634,1780)  (634,1832)  (528,1779)  (581,1935)  (529,1935)  (478,1883)  (478,1831)  (685,1884)  (685,1936)  (633,1936)  (477,1936)  (580,1728)  (632,1728)  (684,1728)  (686,1780)  (686,1832)  (476,1779)  (476,1727)  (528,1727)  (736,1717)  (426,1884)  (426,1832)  (737,1884)  (737,1936)  (425,1962)  (738,1769)  (738,1821)  (424,1780)  (424,1728)  (788,1717)  (374,1910)  (374,1858)  (789,1873)  (789,1925)  (373,1962)  (790,1769)  (790,1821)  (372,1806)  (372,1754)
SZ 60  (4761,5486)  (4709,5537)  (4709,5485)  (4812,5538)  (4761,5434)  (4813,5434)  (4813,5486)  (4760,5589)  (4708,5589)  (4858,5590)  (4656,5590)  (4733,5382)  (4785,5382)  (4837,5382)  (4806,5641)  (4754,5641)  (4858,5642)  (4702,5642)  (4650,5642)  (4771,5330)  (4823,5330)
Prussia  (3964,949)  (3912,1000)  (3912,948)  (4015,1001)  (3964,897)  (4016,897)  (4016,949)  (3910,896)  (3951,1052)  (3899,1052)  (3860,1000)  (3973,845)  (4025,845)  (4068,897)  (4068,949)  (4077,836)  (3847,1065)  (3934,1104)  (3982,793)  (4120,888)  (4120,940)
Belarus  (4580,1051)  (4528,1102)  (4528,1050)  (4631,1103)  (4580,999)  (4632,999)  (4632,1051)  (4526,998)  (4579,1154)  (4527,1154)  (4476,1102)  (4476,1050)  (4683,1103)  (4683,1155)  (4631,1155)  (4475,1155)  (4578,947)  (4630,947)  (4684,982)  (4684,1034)  (4474,998)  (4474,946)  (4526,946)  (4424,1066)  (4735,1086)  (4735,1138)  (4735,1190)  (4683,1207)  (4631,1207)  (4480,1207)  (4578,895)  (4630,895)  (4422,1014)  (4787,1160)  (4787,1212)
SZ 64  (5407,5304)  (5355,5355)  (5355,5303)  (5458,5356)  (5407,5252)  (5459,5252)  (5459,5304)  (5353,5251)  (5406,5407)  (5303,5363)  (5303,5311)  (5510,5356)  (5510,5408)  (5458,5408)  (5405,5200)  (5457,5200)  (5509,5200)  (5511,5252)  (5511,5304)  (5301,5259)  (5301,5207)  (5353,5199)  (5406,5459)  (5251,5362)  (5522,5460)  (5470,5460)
SZ 63  (5022,5855)  (4970,5906)  (4970,5854)  (5073,5907)  (5022,5803)  (5074,5803)  (5074,5855)  (4968,5802)  (5021,5958)  (4969,5958)  (4918,5906)  (4918,5854)  (5125,5907)  (5125,5959)  (5073,5959)  (4917,5959)  (5020,5751)  (5072,5751)  (5124,5751)  (5126,5803)  (5126,5855)  (4916,5802)  (4916,5750)  (4968,5750)  (5021,6010)  (4969,6010)  (5136,6011)  (5084,6011)  (4917,6011)  (5020,5699)  (4911,5698)  (4963,5698)  (5032,6062)  (4980,6062)  (5136,6063)  (5084,6063)  (4928,6063)  (5015,5647)  (4911,5646)  (4963,5646)  (5015,5595)  (4911,5594)  (4963,5594)  (5015,5543)  (4912,5542)
al-Hasa  (5842,3525)  (5790,3521)  (5893,3577)  (5841,3577)  (5842,3473)  (5894,3522)  (5785,3469)  (5945,3590)  (5893,3629)  (5733,3444)  (5785,3417)  (5708,3392)
SZ 62  (5047,5299)  (4995,5350)  (4995,5298)  (5098,5351)  (5047,5247)  (5099,5247)  (5099,5299)  (4993,5246)  (5035,5402)  (4983,5402)  (4943,5350)  (4943,5298)  (5150,5351)  (5151,5198)  (5151,5250)  (4941,5246)  (4931,5414)  (5035,5454)  (4983,5454)  (4931,5466)
SZ 61  (4732,5895)  (4680,5946)  (4680,5894)  (4783,5947)  (4732,5843)  (4784,5843)  (4784,5895)  (4678,5842)  (4731,5998)  (4679,5998)  (4628,5946)  (4628,5894)  (4835,5947)  (4835,5999)  (4783,5999)  (4627,5999)  (4730,5791)  (4782,5791)  (4834,5791)  (4836,5843)  (4836,5895)  (4626,5842)  (4626,5790)  (4678,5790)  (4731,6050)  (4679,6050)  (4576,5947)  (4576,5895)  (4858,6051)  (4806,6051)  (4627,6051)  (4575,6051)  (4575,5999)  (4730,5739)  (4782,5739)  (4834,5739)  (4575,5738)  (4627,5738)
Rhodesia  (3974,5242)  (3922,5293)  (3922,5241)  (4025,5294)  (3974,5190)  (4026,5212)  (3920,5189)  (3950,5345)  (3870,5313)  (3870,5261)  (4077,5264)  (4078,5210)  (4078,5137)  (3818,5294)  (3818,5242)  (4130,5086)  (4130,5138)  (4130,5190)  (4058,5085)  (4182,5113)
Piedmont  (3073,1955)  (3021,2006)  (3021,1954)  (3124,2007)  (3073,1903)  (3125,1903)  (3125,1955)  (3019,1902)  (3072,2058)  (3149,2059)
Corsica  (3075,2282)
Frankfurt  (2184,4871)  (2132,4922)  (2132,4870)  (2235,4923)  (2184,4819)  (2236,4819)  (2236,4871)  (2130,4818)  (2183,4974)  (2131,4974)  (2080,4922)  (2080,4870)  (2287,4923)  (2287,4975)  (2235,4975)  (2079,4975)  (2182,4767)  (2234,4767)  (2286,4767)  (2288,4819)  (2288,4871)  (2078,4818)  (2078,4766)  (2130,4766)  (2338,4717)  (2183,5026)  (2131,5026)  (2028,4923)  (2028,4871)  (2339,4923)  (2339,4975)  (2339,5027)  (2287,5027)  (2235,5027)  (2079,5027)  (2027,5027)  (2027,4975)  (2182,4715)  (2234,4715)  (2286,4715)  (2340,4769)  (2340,4821)  (2026,4819)  (2026,4767)  (2026,4715)  (2078,4714)  (2130,4714)  (2338,4665)  (2390,4665)  (2390,4717)  (2183,5078)  (2131,5078)  (1976,4923)  (1976,4871)
York  (2228,973)  (2176,1024)  (2279,1025)  (2184,921)  (2236,921)  (2280,973)  (2288,913)  (2214,1076)  (2162,1076)  (2178,869)  (2230,869)  (2332,965)  (2110,1090)  (2110,1038)  (2203,1128)  (2154,817)  (2206,817)  (2151,1142)  (2099,1149)  (2202,765)
Egypt  (4618,3463)  (4566,3514)  (4566,3462)  (4669,3515)  (4618,3411)  (4670,3411)  (4670,3463)  (4564,3410)  (4617,3566)  (4565,3566)  (4514,3498)  (4721,3515)  (4721,3567)  (4669,3567)  (4616,3359)  (4668,3359)  (4722,3436)  (4512,3446)  (4512,3394)  (4564,3358)  (4496,3342)  (4773,3488)  (4773,3540)  (4773,3592)  (4721,3619)  (4669,3619)  (4639,3307)  (4460,3472)  (4460,3420)  (4444,3368)  (4423,3316)  (4825,3577)  (4825,3629)  (4392,3397)
Sierra Leone  (2674,4411)  (2622,4406)  (2724,4463)  (2674,4359)
SZ 91  (4018,251)  (3966,294)  (3966,242)  (4070,241)  (4070,293)  (3961,190)  (4013,190)  (4122,245)  (3884,118)  (3936,118)  (4174,229)  (3832,118)  (3832,66)  (3884,66)  (4234,220)  (3780,86)  (3780,34)  (4286,189)  (3728,69)  (4338,187)  (4390,160)  (4390,212)  (4442,151)
SZ 90  (2798,4773)  (2746,4824)  (2746,4772)  (2849,4825)  (2798,4721)  (2850,4721)  (2850,4773)  (2744,4720)  (2797,4876)  (2745,4876)  (2694,4824)  (2694,4772)  (2901,4825)  (2901,4877)  (2849,4877)  (2693,4877)  (2796,4669)  (2848,4669)  (2900,4669)  (2902,4721)  (2902,4773)  (2692,4720)  (2692,4668)  (2744,4668)  (2952,4658)  (2642,4825)  (2642,4773)  (2953,4825)  (2953,4877)  (2641,4903)  (2954,4710)  (2954,4762)  (2640,4721)  (2640,4669)  (3004,4658)  (2590,4851)  (2590,4799)  (3005,4814)  (3005,4866)  (2589,4903)  (3006,4710)  (3006,4762)  (2588,4747)  (2588,4695)
Orel  (5209,1088)  (5157,1139)  (5157,1087)  (5260,1140)  (5209,1036)  (5261,1036)  (5261,1088)  (5155,1035)  (5208,1191)  (5156,1191)  (5105,1139)  (5105,1087)  (5312,1140)  (5312,1192)  (5260,1192)  (5104,1192)  (5207,984)  (5259,984)  (5311,984)  (5313,1036)  (5313,1088)  (5103,1035)  (5103,983)  (5155,983)  (5363,934)  (5208,1243)  (5156,1243)  (5053,1140)  (5053,1088)  (5364,1140)  (5364,1192)  (5364,1244)  (5312,1244)  (5260,1244)  (5104,1244)  (5052,1235)  (5365,986)  (5365,1038)  (5051,1036)  (5051,984)  (5051,932)  (5103,931)  (5415,902)  (5208,1295)  (5156,1295)  (5001,1183)  (5001,1131)  (5416,1090)  (5416,1142)  (5416,1194)  (5370,1296)  (5318,1296)  (5266,1296)
Argonne  (839,5261)  (787,5312)  (787,5260)  (890,5313)  (839,5209)  (891,5209)  (891,5261)  (785,5208)  (838,5364)  (786,5364)  (735,5312)  (735,5260)  (942,5313)  (942,5365)  (890,5365)  (734,5365)  (837,5157)  (889,5157)  (941,5157)  (943,5209)  (943,5261)  (733,5208)  (733,5156)  (785,5156)  (993,5151)  (838,5416)  (786,5416)  (683,5313)  (683,5261)  (994,5313)  (994,5365)  (981,5417)  (929,5417)  (734,5417)  (682,5417)  (682,5365)  (837,5105)  (995,5203)  (995,5255)  (767,5104)  (877,5468)  (940,5469)  (630,5437)  (819,5053)
Ireland  (1796,983)  (1744,1034)  (1744,982)  (1847,1035)  (1796,931)  (1848,931)  (1848,983)  (1742,930)  (1795,1086)  (1743,1086)  (1873,1087)  (1807,879)  (1859,879)  (1691,1122)  (1807,827)  (1859,827)
Tripoli  (3490,3307)  (3438,3347)  (3438,3295)  (3541,3359)  (3490,3255)  (3542,3293)  (3425,3243)  (3386,3306)  (3593,3345)  (3593,3397)  (3477,3203)  (3373,3254)  (3373,3202)  (3425,3191)  (3645,3315)  (3645,3367)  (3645,3419)  (3321,3294)  (3321,3242)  (3321,3190)  (3697,3338)  (3697,3390)  (3704,3442)  (3269,3288)  (3269,3236)  (3749,3367)  (3756,3419)  (3217,3280)
Vienna  (3762,1721)  (3710,1772)  (3710,1720)  (3813,1773)  (3762,1669)  (3814,1669)  (3814,1721)  (3708,1668)  (3761,1824)  (3709,1824)  (3658,1772)  (3658,1720)  (3866,1651)  (3866,1703)  (3866,1755)  (3656,1668)  (3606,1788)  (3917,1599)  (3918,1651)  (3918,1703)
Lithuania  (4177,737)  (4125,764)  (4125,712)  (4228,789)  (4177,685)  (4229,685)  (4229,737)  (4099,660)  (4073,754)  (4280,789)  (4280,841)  (4228,841)  (4151,633)  (4281,727)  (4047,702)  (4047,650)  (4037,598)  (4332,779)  (4332,831)  (4332,883)  (4280,893)  (4228,893)  (3985,649)  (4041,546)  (4384,838)  (4384,890)
Serbia  (4029,2158)  (3977,2209)  (3977,2157)  (4080,2210)  (4029,2106)  (4081,2106)  (4081,2158)  (3975,2105)  (4028,2261)  (3976,2261)  (4125,2262)  (4027,2054)
Smyrna  (5017,2686)  (4965,2737)  (4965,2685)  (5068,2738)  (5017,2634)  (5069,2634)  (5069,2686)  (4963,2633)  (4913,2770)  (4913,2718)  (5120,2738)  (5121,2627)  (5121,2679)  (4911,2666)  (4911,2614)  (4861,2819)  (4861,2767)  (5172,2731)  (5173,2642)  (4859,2715)  (4859,2663)  (4809,2827)  (4809,2775)  (5224,2694)  (5224,2746)  (4807,2723)  (4807,2671)  (4757,2776)  (5276,2645)  (5276,2697)  (5276,2749)  (4755,2724)  (4755,2672)  (5328,2644)  (5328,2696)  (5328,2748)  (4703,2764)  (5380,2667)  (5380,2719)  (4615,2794)  (5432,2731)
N. Hejaz  (5089,3514)  (5037,3562)  (5037,3510)  (5140,3566)  (5089,3462)  (5141,3466)  (5032,3458)  (5088,3614)  (5154,3618)  (5014,3406)
Holland  (2850,1207)  (2798,1211)  (2877,1259)  (2900,1122)
S. Hejaz  (4476,4041)  (4523,4093)  (4430,3989)  (4575,4129)
SZ 89  (2938,5293)  (2886,5344)  (2886,5292)  (2989,5345)  (2938,5241)  (2990,5241)  (2990,5293)  (2884,5240)  (2937,5396)  (2885,5396)  (2834,5344)  (2834,5292)  (3041,5345)  (3041,5397)  (2989,5397)  (2833,5397)  (2936,5189)  (2988,5189)  (3040,5189)  (3042,5241)  (3042,5293)  (2832,5240)  (2832,5188)  (2884,5188)  (3092,5182)  (2782,5345)  (2782,5293)  (3093,5345)  (3093,5397)  (2781,5427)  (3094,5234)  (3094,5286)  (2780,5241)  (2780,5189)  (2730,5375)  (2730,5323)  (2729,5427)  (2728,5271)  (2728,5219)
SZ 88  (3122,5752)  (3070,5803)  (3070,5751)  (3173,5804)  (3122,5700)  (3174,5700)  (3174,5752)  (3068,5699)  (3121,5855)  (3069,5855)  (3018,5803)  (3018,5751)  (3225,5804)  (3225,5856)  (3173,5856)  (3017,5856)  (3120,5648)  (3172,5648)  (3224,5648)  (3226,5700)  (3226,5752)  (3016,5699)  (3016,5647)  (3068,5647)  (3276,5632)  (2966,5804)  (2966,5752)  (3277,5804)  (3277,5856)  (2965,5877)  (3278,5684)  (3278,5736)  (2964,5700)  (2964,5648)  (3328,5632)  (2914,5825)  (2914,5773)  (3329,5788)  (3329,5840)  (2913,5877)  (3330,5684)  (3330,5736)  (2912,5721)  (2912,5669)
SZ 87  (5223,5539)  (5171,5590)  (5171,5538)  (5274,5591)  (5223,5487)  (5275,5487)  (5275,5539)  (5169,5486)  (5222,5642)  (5170,5642)  (5119,5590)  (5119,5538)  (5326,5591)  (5326,5643)  (5274,5643)  (5118,5643)  (5221,5435)  (5273,5435)  (5325,5435)  (5327,5487)  (5327,5539)  (5117,5486)  (5117,5434)  (5169,5434)
SZ 82  (3783,2911)  (3731,2962)  (3731,2910)  (3834,2963)  (3783,2859)  (3835,2859)  (3835,2911)  (3729,2858)  (3782,3014)  (3730,3014)  (3679,2962)  (3679,2910)  (3886,2963)  (3886,3015)  (3834,3015)  (3678,3015)  (3781,2807)  (3833,2807)  (3885,2807)  (3887,2859)  (3887,2911)  (3677,2858)  (3677,2806)  (3729,2806)
SZ 81  (2765,2540)  (2713,2591)  (2713,2539)  (2816,2592)  (2765,2488)  (2817,2488)  (2817,2540)  (2711,2487)  (2764,2643)  (2712,2643)  (2661,2591)  (2661,2539)  (2868,2592)  (2868,2644)  (2816,2644)  (2660,2644)  (2763,2436)  (2815,2436)  (2867,2436)  (2869,2488)  (2869,2540)  (2659,2487)  (2659,2435)  (2711,2435)
SZ 80  (3839,325)  (3787,376)  (3890,377)  (3838,273)  (3890,273)  (3891,325)  (3735,416)  (3841,221)  (3893,221)
Spanish Morocco  (2081,3005)  (2029,3056)  (2029,3004)  (2132,3057)  (2133,2962)  (2027,2952)  (1977,3081)  (1977,3029)  (2184,3014)  (2236,2972)
Galacia  (4132,1517)  (4080,1568)  (4080,1516)  (4183,1569)  (4132,1465)  (4184,1465)  (4184,1517)  (4078,1464)  (4131,1620)  (4079,1620)  (4028,1568)  (4028,1516)  (4235,1569)  (4235,1621)  (4183,1621)  (4027,1621)  (4130,1413)  (4182,1413)  (4234,1413)  (4236,1465)  (4236,1517)  (4026,1464)  (4026,1412)  (4078,1412)  (3976,1565)  (4287,1591)  (4287,1643)  (4235,1673)  (4288,1477)  (3974,1513)  (3974,1461)  (4304,1695)
SZ 86  (5955,4905)  (5903,4956)  (5903,4904)  (6006,4957)  (5955,4853)  (6007,4853)  (6007,4905)  (5901,4852)  (5954,5008)  (5902,5008)  (5851,4956)  (5851,4904)  (6058,4957)  (6058,5009)  (6006,5009)  (5850,5009)  (5953,4801)  (6005,4801)  (6057,4801)  (6059,4853)  (6059,4905)  (5849,4852)  (5849,4800)  (5901,4800)
French Central Africa  (3677,4137)  (3625,4188)  (3625,4136)  (3728,4189)  (3677,4085)  (3729,4085)  (3729,4137)  (3623,4084)  (3676,4240)  (3624,4240)  (3573,4188)  (3573,4136)  (3780,4189)  (3780,4241)  (3728,4241)  (3675,4033)  (3727,4033)  (3779,4033)  (3781,4085)  (3781,4137)  (3571,4084)  (3571,4032)  (3623,4032)  (3831,3983)  (3676,4292)  (3521,4173)  (3770,4293)  (3675,3981)  (3727,3981)  (3779,3981)  (3833,4035)  (3833,4087)  (3519,4121)  (3519,4069)  (3519,4017)  (3571,3980)  (3623,3980)  (3505,3965)  (3718,4344)  (3666,4344)  (3771,4345)  (3719,4396)  (3667,4396)  (3816,4397)  (3764,4448)  (3712,4448)  (3823,4449)  (3875,4484)  (3771,4500)  (3823,4501)  (3925,4536)
SZ 85  (4936,4877)  (4884,4928)  (4884,4876)  (4987,4929)  (4936,4825)  (4988,4825)  (4988,4877)  (4882,4824)  (4935,4980)  (4883,4980)  (4832,4928)  (4832,4876)  (5039,4929)  (5039,4981)  (4987,4981)  (4831,4981)  (4934,4773)  (4986,4773)  (5038,4773)  (5040,4825)  (5040,4877)  (4830,4824)  (4830,4772)  (4882,4772)
SZ 84  (5497,4419)  (5445,4470)  (5445,4418)  (5548,4471)  (5497,4367)  (5549,4367)  (5549,4419)  (5443,4366)  (5496,4522)  (5444,4522)  (5393,4470)  (5393,4418)  (5600,4471)  (5600,4523)  (5548,4523)  (5392,4523)  (5495,4315)  (5547,4315)  (5599,4315)  (5601,4367)  (5601,4419)  (5391,4366)  (5391,4314)  (5443,4314)
SZ 83  (4748,3167)  (4696,3218)  (4696,3166)  (4799,3219)  (4748,3115)  (4800,3115)  (4800,3167)  (4694,3114)  (4644,3234)  (4644,3182)  (4851,3219)  (4852,3097)  (4852,3149)  (4642,3130)  (4592,3252)  (4592,3200)  (4903,3201)  (4904,3097)  (4904,3149)  (4590,3148)
Strasbourg  (2127,5632)  (2075,5683)  (2075,5631)  (2178,5684)  (2127,5580)  (2179,5580)  (2179,5632)  (2073,5579)  (2126,5735)  (2074,5735)  (2023,5683)  (2023,5631)  (2230,5684)  (2230,5736)  (2178,5736)  (2022,5736)  (2125,5528)  (2177,5528)  (2229,5528)  (2231,5580)  (2231,5632)  (2021,5579)  (2021,5527)  (2073,5527)  (2126,5787)  (2074,5787)  (1971,5684)  (1971,5632)  (2282,5684)  (2282,5736)  (2282,5788)  (2230,5788)  (2178,5788)  (2022,5788)  (1970,5788)  (1970,5736)  (2125,5476)  (2177,5476)  (2283,5544)  (2283,5596)  (1969,5580)  (1969,5528)  (1969,5476)  (2021,5475)  (2073,5475)  (2126,5839)  (2074,5839)  (1919,5684)  (1919,5632)  (2334,5648)  (2334,5700)  (2334,5752)  (2334,5804)
Norway  (3041,144)  (2989,195)  (2989,143)  (3092,196)  (3041,92)  (3093,92)  (3093,144)  (2987,91)  (3040,247)  (2988,247)  (2937,195)  (2937,143)  (3144,196)  (3144,248)  (3092,248)  (2936,248)  (3039,40)  (3091,40)  (3143,40)  (3145,92)  (3145,144)  (2935,91)  (2952,39)  (3195,0)  (3040,299)  (2988,299)  (2885,167)  (3196,196)  (3095,300)  (2936,300)  (2884,243)  (3197,52)  (3197,104)  (2883,92)  (2884,320)  (3247,0)  (3043,351)  (2991,351)  (2939,352)  (3249,52)  (3249,104)  (2887,372)  (3299,0)  (3012,403)  (2960,404)
Denmark  (3090,705)  (3093,757)  (3105,653)  (3181,830)  (3265,791)
Arras  (314,4671)  (262,4722)  (262,4670)  (365,4723)  (314,4619)  (366,4619)  (366,4671)  (260,4618)  (313,4774)  (261,4774)  (210,4722)  (210,4670)  (417,4723)  (417,4775)  (365,4775)  (209,4775)  (312,4567)  (364,4567)  (418,4606)  (418,4658)  (226,4566)  (313,4826)  (261,4826)  (469,4788)  (417,4827)  (365,4827)  (209,4827)  (278,4515)  (330,4515)  (382,4515)  (226,4514)  (313,4878)  (261,4878)  (428,4879)  (376,4879)  (209,4879)  (278,4463)  (330,4463)  (382,4463)  (324,4930)  (272,4930)  (387,4931)  (220,4931)  (240,4411)  (292,4411)  (344,4411)  (396,4411)  (262,4983)  (210,4983)
Paris  (2615,1749)  (2563,1800)  (2563,1748)  (2666,1801)  (2615,1697)  (2667,1697)  (2667,1749)  (2561,1696)  (2614,1852)  (2562,1852)  (2511,1800)  (2511,1748)  (2718,1801)  (2718,1853)  (2666,1853)  (2510,1853)  (2613,1645)  (2665,1645)  (2719,1683)  (2719,1735)  (2509,1696)  (2525,1644)  (2614,1904)  (2667,1905)