Bordeaux  (2531,2076) 
Tabuk  (5103,3550) 
RR 67  (5093,3070) 
Bandundu  (3676,4949) 
RR 66  (5135,2894) 
RR 69  (5834,2937) 
RR 68  (5568,3006) 
Marseilles  (2865,2015) 
RR 140  (2270,5763) 
Syria  (5290,2975) 
RR 141  (3451,1757) 
Silesia  (3856,1286) 
RR 70  (5040,3242) 
RR 72  (1660,3603) 
RR 71  (5752,3251) 
RR 74  (2558,2908) 
RR 73  (2195,3215) 
RR 76  (3179,2949) 
RR 75  (2888,2911) 
French Sudan  (2907,4046) 
RR 56  (3594,2468) 
RR 55  (5649,2291) 
RR 58  (4025,2603) 
RR 57  (4065,2376) 
RR 59  (4647,2638) 
Picardy  (2621,1525) 
RR 61  (5305,2468) 
RR 60  (4983,2446) 
RR 63  (4841,2820) 
RR 62  (5485,2499) 
RR 65  (5757,2671) 
Finland  (4300,54) 
RR 64  (5089,2762) 
Paschendale  (785,4137) 
Hanover  (3301,1254) 
Chaumont  (909,5935) 
RR 89  (3771,4133) 
Bar-Le-Duc  (1557,5924) 
RR 88  (3426,4192) 
Ivory Coast  (2846,4363) 
B. Somaliland  (4507,4401) 
I. Somaliland  (4603,4592) 
RR 92  (4786,4158) 
RR 91  (4528,4115) 
RR 94  (2872,4441) 
RR 93  (2700,4459) 
RR 96  (3301,4505) 
RR 95  (3065,4458) 
RR 98  (3958,4316) 
RR 97  (3488,4581) 
Compiegne  (105,5339) 
Bulgaria  (4331,2208) 
Arar  (5429,3219) 
RR 90  (4177,4095) 
Angolia  (3659,5277) 
RR 78  (3695,3413) 
RR 77  (3457,3329) 
RR 79  (4019,3214) 
RR 81  (4545,3396) 
Sicily  (3459,2749) 
RR 80  (4345,3331) 
RR 83  (5018,3355) 
RR 82  (4767,3349) 
RR 85  (5919,3377) 
Bryansk  (4954,1400) 
RR 84  (5071,3443) 
RR 87  (2683,4150) 
RR 86  (4836,3628) 
British E. Africa  (4384,4708) 
Russian Infiltration  (4664,3836) 
Normandy  (2350,1692) 
BR 3  (4139,3828) 
BR 2  (3616,3828) 
BR 1  (3123,3828) 
Aachen  (1443,4047) 
Gibraltar  (2044,2750) 
Cyprus  (4853,2978) 
RR 23  (4559,1162) 
RR 22  (4195,1283) 
RR 25  (5951,1329) 
RR 24  (5267,1266) 
Smolensk  (4742,769) 
RR 27  (2678,1872) 
RR 26  (2339,1801) 
RR 29  (3186,1630) 
RR 28  (2870,1726) 
RR 100  (4666,4559) 
RR 101  (3525,4877) 
Rome  (3360,2318) 
RR 102  (3724,4902) 
RR 30  (3468,1425) 
RR 103  (4398,4785) 
RR 104  (3601,5002) 
Natal  (3925,5813) 
RR 32  (4074,1620) 
RR 105  (3896,5045) 
RR 31  (3659,1561) 
RR 106  (4384,4931) 
SZ 8  (2392,1408) 
RR 107  (4159,5120) 
SZ 7  (3191,458) 
RR 108  (4353,5079) 
SZ 6  (2424,781) 
RR 109  (3547,5256) 
SZ 5  (2690,366) 
SZ 4  (2286,333) 
SZ 3  (1618,224) 
Abyssinia  (4390,4466) 
SZ 2  (931,270) 
SZ 1  (315,293) 
RR 19  (3298,1320) 
RR 12  (4833,872) 
RR 11  (5056,286) 
Transvaal  (3905,5683) 
RR 14  (5269,808) 
RR 13  (4980,781) 
RR 16  (5309,1055) 
RR 15  (5744,696) 
RR 18  (3013,1437) 
RR 17  (2544,1543) 
RR 110  (4367,5260) 
RR 111  (4266,5345) 
RR 112  (3594,5455) 
RR 113  (4100,5409) 
RR 114  (3634,5647) 
RR 115  (4018,5684) 
RR 21  (3962,1326) 
RR 116  (3740,5848) 
RR 20  (3556,1258) 
RR 117  (3936,5868) 
RR 118  (97,4452) 
Bagdad  (5775,3141) 
RR 119  (1188,4200) 
Tunesia  (2855,3027) 
RR 45  (5789,1740) 
Scotland  (2093,581) 
RR 44  (5462,1793) 
RR 47  (3690,2117) 
RR 46  (3291,2197) 
RR 49  (4228,2031) 
RR 48  (3939,2014) 
Lisala  (3817,4723) 
RR 120  (1495,4117) 
RR 121  (1909,4318) 
RR 122  (2323,4335) 
RR 50  (5478,2004) 
RR 123  (338,4621) 
RR 124  (603,4634) 
RR 52  (3875,2275) 
RR 125  (903,4622) 
RR 51  (3425,2379) 
RR 126  (1633,4514) 
RR 54  (4275,2306) 
RR 127  (60,5236) 
RR 53  (4076,2254) 
RR 128  (503,5139) 
RR 129  (1063,5062) 
Flanders  (92,4201) 
American Isolationism  (2252,3825) 
Persia  (5377,3819) 
SZ 9  (2848,911) 
RR 34  (4947,1565) 
RR 33  (4445,1508) 
RR 36  (2400,2068) 
RR 35  (5415,1558) 
Tartarstan  (5913,1220) 
RR 38  (3117,2074) 
RR 37  (2887,2137) 
RR 130  (1956,4953) 
Sirte  (3655,3352) 
RR 39  (3262,1966) 
RR 131  (914,5413) 
RR 132  (1753,5329) 
RR 133  (2393,5216) 
RR 134  (493,5636) 
RR 135  (1193,5594) 
RR 41  (4587,1839) 
RR 136  (2016,5549) 
RR 40  (3772,1851) 
RR 137  (108,5932) 
Cairo  (4849,3414) 
RR 43  (4901,1838) 
RR 138  (1652,5999) 
RR 42  (4944,1682) 
RR 139  (2026,5852) 
Portuguese E. Africa  (4301,5218) 
Casablanca  (2133,3167) 
Portugal  (1870,2490) 
Svastepole  (4936,1773) 
Ardennes  (1710,4617) 
S. Rhodesia  (4056,5505) 
Buchuanaland  (3864,5495) 
India  (5884,3891) 
Canada  (251,2685) 
Mosul  (5550,2913) 
Cologne  (1877,4131) 
Saxony  (3535,1398) 
Crete  (4254,2965) 
United States  (131,3185) 
Soissons  (574,5072) 
Cyreniaca  (3992,3320) 
Moscow  (5275,696) 
Bolshevik Revolution  (2638,3814) 
Tabriz  (5660,2715) 
Riga  (4462,697) 
Naples  (3537,2408) 
Cabinda  (3566,5066) 
Nigeria  (3322,4388) 
Gallipoli  (4399,2381) 
Switzerland  (3057,1784) 
Spain  (2225,2422) 
Bohemia  (3756,1538) 
Volgograd  (5353,1478) 
Saratov  (5642,1336) 
Northern Sudan  (4049,4037) 
Basrah  (5957,3283) 
Mozambique  (4186,5465) 
Luderitz  (3659,5604) 
Tobruk  (4238,3330) 
Berlin  (3559,1214) 
RR 99  (4664,4437) 
Prussia  (3989,975) 
Rhodesia  (3999,5268) 
Southern Sudan  (4069,4363) 
Piedmont  (3098,1981) 
Macedonia  (4021,2420) 
Frankfurt  (2004,4841) 
Damascus  (5070,3125) 
Argonne  (864,5287) 
Karkov  (4740,1656) 
Krasnodar  (5376,2061) 
Ireland  (1821,1009) 
Vienna  (3787,1747) 
Rostov  (5540,1852) 
Spanish Morocco  (2106,3031) 
Galacia  (4157,1543) 
Norway  (3066,170) 
Uganda  (4227,4647) 
Arras  (329,4766) 
Paris  (2640,1775) 
SZ 35  (4650,2978) 
Antalya  (4763,2746) 
SZ 34  (4279,2780) 
SZ 33  (3459,3005) 
German E. Afrika  (4271,5034) 
SZ 32  (3785,2643) 
Luneville  (2068,5952) 
SZ 39  (6057,3509) 
SZ 38  (4979,3636) 
SZ 37  (5029,2099) 
SZ 36  (4804,2247) 
Somme  (584,4520) 
SZ 31  (3487,2123) 
SZ 30  (3283,2591) 
Bavaria  (3187,1566) 
Baku  (5868,2358) 
Metz  (2052,5465) 
SZ 29  (2903,2309) 
Nye Lukemba  (3962,4925) 
SZ 24  (472,3356) 
SZ 23  (906,2671) 
SZ 22  (1964,1907) 
SZ 21  (1551,2077) 
SZ 28  (2553,2727) 
SZ 27  (2110,2883) 
SZ 26  (1503,3329) 
St. Petersburg  (4730,351) 
SZ 25  (1505,2653) 
SZ 20  (947,2148) 
Tuscany  (3255,2120) 
Venice  (3300,1895) 
Astrakhan  (5980,1726) 
French Niger  (3676,4065) 
S. Africa  (3775,5732) 
London  (2353,1215) 
SZ 19  (308,2172) 
SZ 18  (1705,1394) 
Be'er Sheva  (4948,3344) 
SZ 57  (3466,5991) 
SZ 56  (3346,5532) 
SZ 55  (3229,5025) 
SZ 54  (2681,5760) 
SZ 59  (4371,5567) 
SZ 58  (4259,5978) 
Madagascar  (4630,5436) 
SZ 53  (2660,5065) 
SZ 52  (3161,4636) 
SZ 51  (2578,4550) 
SZ 50  (4649,5095) 
Mesopotamia  (5956,2929) 
Sweden  (3505,320) 
Tallin  (4339,412) 
Poland  (4228,1181) 
SZ 46  (5687,4817) 
SZ 45  (5261,4703) 
SZ 44  (5834,4404) 
SZ 43  (5241,4243) 
SZ 49  (5065,5118) 
SZ 48  (5380,5058) 
SZ 47  (5688,5075) 
SZ 42  (4755,4656) 
SZ 41  (4448,4149) 
SZ 40  (5102,3905) 
Tbilisi  (5622,2355) 
RR 6  (3877,1077) 
RR 7  (4254,890) 
RR 4  (3030,1184) 
RR 5  (3412,1080) 
Mauritania  (1787,3399) 
RR 2  (2292,996) 
German Southwest Africa  (3658,5441) 
RR 3  (2304,1157) 
RR 1  (2097,760) 
Australia  (5930,5703) 
RR 8  (4388,614) 
RR 9  (4217,372) 
Kabinda  (3831,4989) 
Cameroon  (3553,4567) 
Kiel  (3130,1112) 
Ruhr  (3062,1378) 
Kiev  (4545,1427) 
Oman  (4858,4101) 
French Guinea  (2620,4296) 
Algeria  (2600,3035) 
Sarajevo  (3824,2203) 
Jerusalem  (5110,3313) 
Moldova  (4520,1722) 
Hurghada  (4688,3618) 
Upper Volta  (3058,4206) 
Charleroi  (1280,4506) 
SZ 13  (1482,838) 
Rhiems  (1216,5660) 
SZ 12  (934,902) 
SZ 11  (296,954) 
SZ 10  (3772,753) 
SZ 17  (949,1508) 
SZ 16  (312,1543) 
SZ 15  (3907,538) 
SZ 14  (1917,708) 
Nancy  (1687,5633) 
Innsbruck  (3353,1709) 
Chantilly  (395,5726) 
United States Mobilizes  (166,3814) 
Romania  (4364,1962) 
Togoland  (3057,4405) 
Ankara  (4937,2507) 
Tunis  (3090,3024) 
Fontainbleu  (132,6018) 
US 1  (1814,3828) 
Douamont  (1737,5153) 
Yaroslavl  (5391,213) 
Greece  (3967,2538) 
Ypres  (417,4142) 
US 3  (822,3828) 
US 2  (1337,3828) 
Istanbul  (4626,2537) 
Kaluga  (4893,630) 
Verdun  (1390,5281) 
Niangara  (4018,4711) 
Grozny  (5761,1998) 
French West Africa  (3335,4068) 
Caucusus  (5715,1667) 
Pomerania  (3558,1048) 
Chad  (3753,4406) 
Mont Blanc  (1226,4899) 
RR 10  (4625,288) 
Izmir  (4486,2698) 
Sardinia  (3092,2516) 
Burgundy  (2861,1648) 
French Equitorial Africa  (3520,4806) 
SZ 79  (3520,913) 
SZ 78  (1495,2975) 
SZ 77  (972,3348) 
SZ 76  (977,2960) 
SZ 71  (1301,1153) 
SZ 70  (1322,1695) 
SZ 75  (2493,147) 
SZ 74  (2841,670) 
SZ 73  (2222,1943) 
SZ 72  (1300,556) 
Vimy  (869,4735) 
SZ 68  (615,1265) 
Trieste  (3643,1996) 
SZ 67  (621,624) 
Brussels  (1099,4108) 
SZ 66  (5735,5339) 
SZ 65  (5388,5905) 
Trabzon  (5264,2563) 
Hungary  (4039,1883) 
SZ 69  (607,1858) 
Konya  (4964,2691) 
SZ 60  (4786,5512) 
Belarus  (4605,1077) 
SZ 64  (5432,5330) 
SZ 63  (5047,5881) 
al-Hasa  (5867,3551) 
SZ 62  (5072,5325) 
SZ 61  (4757,5921) 
Senegal  (2613,4072) 
Vilnius  (4208,755) 
Corsica  (3100,2308) 
Oryol  (5078,1174) 
Hejaz  (4495,4050) 
York  (2189,1069) 
Egypt  (4587,3462) 
SZ 91  (4043,277) 
Sierra Leone  (2678,4401) 
SZ 90  (2823,4799) 
Northern Rhineland  (2260,4130) 
Tripoli  (3368,3251) 
Serbia  (4043,2148) 
Smyrna  (5289,2722) 
Holland  (2875,1233) 
Mumbaza  (4194,4895) 
Novgorod  (5695,786) 
SZ 89  (2963,5319) 
SZ 88  (3147,5778) 
SZ 87  (5248,5565) 
Rize  (5510,2558) 
SZ 82  (3808,2937) 
SZ 81  (2790,2566) 
SZ 80  (3864,351) 
SZ 86  (5980,4931) 
SZ 85  (4961,4903) 
SZ 84  (5522,4445) 
SZ 83  (4773,3193) 
Strasbourg  (2334,5840) 
Tula  (5166,1008) 
Denmark  (3115,731) 
Chikapa  (3750,5122) 
Rhineland  (2276,4946) 