Bordeaux  (2518,2023)  (2453,2013)  (2454,2092)  (2524,2102)  (2583,1969)  (2518,1958)  (2589,2112)  (2595,2034)  (2411,1948)  (2389,2140)  (2459,2157)  (2524,2167)  (2591,2177)  | overflowToLeft=false
Tabuk  (5072,3518)  (5007,3514)  (5120,3583)  | overflowToLeft=false
RR 67  (5061,3038)  | overflowToLeft=false
Bandundu  (3645,4917)  (3662,4829)  | overflowToLeft=false
RR 66  (5103,2862)  | overflowToLeft=false
RR 69  (5802,2905)  | overflowToLeft=false
RR 68  (5536,2974)  | overflowToLeft=false
Marseilles  (2823,1978)  (2893,1924)  (2897,1989)  (2781,1913)  (2761,2055)  (2807,1848)  | overflowToLeft=false
RR 140  (2238,5731)  | overflowToLeft=false
RR 141  (3419,1725)  | overflowToLeft=false
Syria  (5256,2946)  (5321,2962)  (5321,2878)  (5191,3002)  (5191,2937)  (5256,3011)  (5256,2862)  (5342,3027)  (5277,3076)  (5212,3076)  | overflowToLeft=false
Silesia  (3833,1240)  (3773,1309)  (3768,1229)  (3839,1320)  (3898,1192)  (3833,1175)  (3736,1164)  (3908,1358)  | overflowToLeft=false
RR 142  (5886,3528)  | overflowToLeft=false
RR 143  (5633,1015)  | overflowToLeft=false
RR 70  (5008,3210)  | overflowToLeft=false
RR 144  (6053,1188)  | overflowToLeft=false
RR 145  (5784,557)  | overflowToLeft=false
RR 72  (1628,3571)  | overflowToLeft=false
RR 146  (6054,553)  | overflowToLeft=false
RR 71  (5720,3219)  | overflowToLeft=false
RR 147  (5391,363)  | overflowToLeft=false
RR 74  (2526,2876)  | overflowToLeft=false
RR 148  (5496,245)  | overflowToLeft=false
RR 73  (2163,3183)  | overflowToLeft=false
RR 149  (5454,3)  | overflowToLeft=false
RR 76  (3147,2917)  | overflowToLeft=false
RR 75  (2856,2879)  | overflowToLeft=false
French Sudan  (2876,4014)  (2811,4078)  (2811,4013)  (2921,4079)  (2941,3964)  (2986,4029)  (2850,4143)  (2746,4012)  (3006,3964)  | overflowToLeft=false
RR 56  (3562,2436)  | overflowToLeft=false
RR 55  (5617,2259)  | overflowToLeft=false
RR 58  (3993,2571)  | overflowToLeft=false
RR 57  (4033,2344)  | overflowToLeft=false
RR 59  (4615,2606)  | overflowToLeft=false
Picardy  (2598,1501)  (2663,1458)  (2663,1523)  | overflowToLeft=false
RR 61  (5273,2436)  | overflowToLeft=false
RR 60  (4951,2414)  | overflowToLeft=false
RR 63  (4809,2788)  | overflowToLeft=false
RR 62  (5453,2467)  | overflowToLeft=false
RR 65  (5725,2639)  | overflowToLeft=false
Finland  (4269,22)  (4204,86)  (4204,21)  (4333,87)  (4334,20)  (4139,147)  (4139,82)  (4399,20)  (4074,137)  (4074,72)  (4464,20)  (4009,70)  (4529,20)  (4547,85)  | overflowToLeft=false
RR 64  (5057,2730)  | overflowToLeft=false
Paschendale  (754,4105)  (689,4169)  (689,4104)  (818,4170)  (754,4040)  (819,4040)  (819,4105)  (687,4039)  (753,4234)  (688,4234)  (624,4169)  (624,4104)  (883,4170)  (883,4235)  (818,4235)  (623,4235)  (752,3975)  (817,3975)  (882,3975)  (884,4040)  (884,4105)  (622,4039)  (622,3974)  (687,3974)  (719,4299)  | overflowToLeft=false
Hanover  (3270,1222)  (3205,1256)  (3205,1191)  (3270,1157)  (3335,1157)  | overflowToLeft=false
Chaumont  (878,5903)  (813,5967)  (813,5902)  (942,5968)  (878,5838)  (943,5838)  (943,5903)  (811,5837)  (877,6032)  (812,6032)  (748,5967)  (748,5902)  (1007,5968)  (1007,6033)  (942,6033)  (747,6033)  (876,5773)  (941,5773)  (1006,5773)  (1008,5838)  (1008,5903)  (746,5837)  (746,5772)  (811,5772)  (683,5968)  (683,5903)  (1072,5968)  (1072,6033)  (682,6057)  (876,5708)  (941,5708)  (1073,5780)  (1073,5845)  (681,5838)  (681,5773)  (690,5707)  (755,5707)  (618,5992)  (618,5927)  (1137,5910)  (1137,5975)  (1137,6040)  (617,6057)  (820,5643)  (885,5643)  (950,5643)  (616,5862)  (716,5642)  (781,5578)  (846,5578)  (911,5578)  | overflowToLeft=false
RR 89  (3739,4101)  | overflowToLeft=false
Bar-Le-Duc  (1426,5952)  (1361,6016)  (1361,5951)  (1490,6017)  (1426,5887)  (1491,5919)  (1359,5886)  (1542,5835)  (1296,6057)  (1296,5992)  (1555,5984)  (1555,6049)  (1294,5927)  (1349,5821)  (1477,5778)  (1607,5794)  (1607,5859)  (1620,6033)  (1412,5721)  (1672,5838)  (1672,5903)  (1685,6001)  (1737,5849)  (1750,5975)  (1750,6040)  (1802,5848)  (1815,5950)  (1815,6015)  (1880,6029)  | overflowToLeft=false
RR 88  (3394,4160)  | overflowToLeft=false
Ivory Coast  (2791,4354)  (2860,4286)  (2873,4351)  (2893,4456)  (2828,4460)  | overflowToLeft=false
B. Somaliland  (4481,4343)  | overflowToLeft=false
I. Somaliland  (4687,4504)  | overflowToLeft=false
RR 92  (4754,4126)  | overflowToLeft=false
RR 91  (4496,4083)  | overflowToLeft=false
RR 94  (2840,4409)  | overflowToLeft=false
RR 93  (2668,4427)  | overflowToLeft=false
RR 96  (3269,4473)  | overflowToLeft=false
RR 95  (3033,4426)  | overflowToLeft=false
RR 98  (3926,4284)  | overflowToLeft=false
RR 97  (3456,4549)  | overflowToLeft=false
Compiegne  (74,5307)  (138,5372)  (73,5372)  (78,5242)  (139,5307)  (143,5238)  (146,5437)  (81,5437)  (78,5177)  (204,5303)  (74,5112)  (77,5047)  (80,4982)  | overflowToLeft=false
Bulgaria  (4300,2176)  (4364,2241)  (4263,2111)  (4328,2111)  (4365,2176)  (4393,2083)  (4202,2221)  (4190,2156)  (4458,2084)  (4225,2339)  | overflowToLeft=false
Arar  (5398,3187)  (5333,3251)  (5333,3186)  (5462,3252)  (5398,3122)  (5463,3122)  (5463,3187)  (5268,3293)  (5268,3228)  (5527,3252)  (5528,3100)  (5528,3165)  | overflowToLeft=false
RR 90  (4145,4063)  | overflowToLeft=false
Angolia  (3628,5245)  (3584,5180)  (3693,5246)  (3742,5311)  | overflowToLeft=false
RR 78  (3663,3381)  | overflowToLeft=false
RR 77  (3421,3295)  | overflowToLeft=false
RR 79  (3987,3182)  | overflowToLeft=false
RR 81  (4513,3364)  | overflowToLeft=false
RR 80  (4313,3299)  | overflowToLeft=false
Sicily  (3428,2717)  | overflowToLeft=false
RR 83  (4986,3323)  | overflowToLeft=false
RR 82  (4735,3317)  | overflowToLeft=false
Bryansk  (4923,1368)  (4987,1433)  (4871,1303)  (4936,1303)  (4988,1368)  (4837,1453)  (4810,1388)  (5052,1433)  (5052,1498)  (4987,1498)  (5053,1339)  (4861,1518)  (4772,1498)  (5117,1464)  (5117,1529)  (5052,1563)  (4987,1563)  | overflowToLeft=false
RR 85  (5887,3345)  | overflowToLeft=false
RR 84  (5039,3411)  | overflowToLeft=false
RR 87  (2651,4118)  | overflowToLeft=false
RR 86  (4804,3596)  | overflowToLeft=false
British E. Africa  (4353,4676)  (4315,4741)  (4418,4633)  | overflowToLeft=false
BR 6  (5963,1163)  (5992,1244)  | overflowToLeft=false
BR 5  (5948,576)  (5980,531)  (5986,600)  | overflowToLeft=false
Russian Infiltration  (4633,3804)  (4568,3868)  (4568,3803)  (4697,3869)  (4633,3739)  (4698,3739)  (4698,3804)  (4566,3738)  (4503,3875)  (4503,3810)  (4762,3869)  (4763,3706)  (4763,3771)  (4438,3875)  (4438,3810)  (4373,3875)  (4308,3875)  | overflowToLeft=false
BR 4  (5430,66)  (5509,71)  | overflowToLeft=false
Normandy  (2319,1660)  (2254,1698)  (2254,1633)  (2325,1595)  (2390,1589)  (2398,1739)  (2189,1650)  | overflowToLeft=false
BR 3  (4108,3796)  (4043,3860)  (4043,3795)  (4150,3861)  (4108,3731)  (4173,3731)  (4173,3796)  (4041,3730)  (3978,3875)  (3978,3810)  (4238,3706)  (4238,3771)  (3976,3745)  (3913,3875)  (3913,3810)  (4303,3706)  (3848,3875)  (4368,3706)  (3783,3875)  | overflowToLeft=false
BR 2  (3585,3796)  (3520,3860)  (3520,3795)  (3633,3861)  (3585,3731)  (3650,3731)  (3650,3796)  (3518,3730)  (3455,3875)  (3455,3810)  (3715,3706)  (3715,3771)  (3453,3745)  (3390,3875)  (3390,3810)  (3780,3706)  (3325,3875)  | overflowToLeft=false
BR 1  (3092,3796)  (3027,3860)  (3027,3795)  (3156,3861)  (3092,3731)  (3157,3731)  (3157,3796)  (3025,3730)  (2962,3875)  (2962,3810)  (3222,3706)  (3222,3771)  (3222,3836)  (2960,3745)  (2897,3875)  (2897,3810)  (3287,3706)  (3287,3771)  (3352,3706)  | overflowToLeft=false
Aachen  (1412,4015)  (1347,4077)  (1347,4012)  (1477,3963)  (1477,4028)  (1520,4124)  (1455,4135)  (1542,3963)  (1542,4028)  (1390,4153)  (1325,4171)  (1585,4126)  (1520,4189)  (1587,4191)  (1455,4200)  (1390,4218)  (1325,4236)  | overflowToLeft=false
Gibraltar  (2013,2718)  (1948,2722)  (2020,2653)  (2078,2718)  | overflowToLeft=false
Cyprus  (4821,2946)  | overflowToLeft=false
RR 23  (4527,1130)  | overflowToLeft=false
RR 22  (4163,1251)  | overflowToLeft=false
RR 25  (5855,1258)  | overflowToLeft=false
RR 24  (5235,1234)  | overflowToLeft=false
Smolensk  (4711,737)  (4646,769)  (4646,704)  (4744,802)  (4711,672)  (4776,719)  (4612,639)  (4809,784)  (4677,607)  (4863,863)  (4583,574)  (4798,905)  (4885,928)  (4801,970)  | overflowToLeft=false
RR 27  (2646,1840)  | overflowToLeft=false
RR 26  (2307,1769)  | overflowToLeft=false
RR 29  (3154,1598)  | overflowToLeft=false
RR 28  (2838,1694)  | overflowToLeft=false
RR 100  (4634,4527)  | overflowToLeft=false
RR 101  (3493,4845)  | overflowToLeft=false
Rome  (3329,2286)  | overflowToLeft=false
RR 102  (3692,4870)  | overflowToLeft=false
RR 30  (3436,1393)  | overflowToLeft=false
RR 103  (4366,4753)  | overflowToLeft=false
Natal  (3889,5777)  (3826,5868)  (3986,5798)  | overflowToLeft=false
RR 104  (3569,4970)  | overflowToLeft=false
RR 32  (4042,1588)  | overflowToLeft=false
RR 105  (3864,5013)  | overflowToLeft=false
RR 31  (3627,1529)  | overflowToLeft=false
RR 106  (4352,4899)  | overflowToLeft=false
SZ 8  (2361,1376)  (2296,1440)  (2296,1375)  (2416,1441)  (2426,1339)  (2481,1404)  (2231,1440)  (2491,1287)  (2228,1508)  (2514,1222)  (2166,1443)  (2166,1378)  (2556,1287)  (2163,1530)  (2579,1158)  (2101,1465)  (2621,1223)  (2098,1537)  (2524,1093)  (2589,1093)  (2036,1472)  (2033,1558)  | overflowToLeft=false
RR 107  (4127,5088)  | overflowToLeft=false
SZ 7  (3160,426)  (3095,490)  (3095,425)  (3218,491)  (3160,361)  (3096,555)  (3031,555)  (3030,490)  (3249,556)  (3184,556)  (3285,621)  (3288,686)  (3180,793)  (3177,858)  | overflowToLeft=false
RR 108  (4321,5047)  | overflowToLeft=false
SZ 6  (2393,749)  (2328,801)  (2328,736)  (2457,814)  (2393,684)  (2458,684)  (2458,749)  (2314,671)  (2392,866)  (2522,834)  (2457,879)  (2379,619)  (2444,619)  (2249,674)  (2249,609)  (2314,606)  (2542,899)  (2477,944)  (2412,944)  (2379,554)  (2229,544)  (2294,541)  (2569,964)  (2504,1009)  (2359,489)  (2424,489)  | overflowToLeft=false
RR 109  (3515,5224)  | overflowToLeft=false
SZ 5  (2659,334)  (2594,398)  (2594,333)  (2723,399)  (2659,269)  (2724,269)  (2724,334)  (2592,268)  (2618,463)  (2553,463)  (2529,398)  (2529,333)  (2788,399)  (2744,204)  (2527,268)  (2618,528)  (2553,528)  (2853,456)  (2743,139)  (2743,74)  | overflowToLeft=false
SZ 4  (2255,301)  (2190,365)  (2190,300)  (2319,366)  (2255,236)  (2320,236)  (2320,301)  (2188,235)  (2384,366)  (2385,226)  (2385,291)  (2123,250)  (2123,185)  (2073,120)  (2138,120)  (2058,265)  (2058,200)  (2028,55)  (2093,55)  (2158,55)  | overflowToLeft=false
SZ 3  (1587,192)  (1522,256)  (1522,191)  (1651,257)  (1587,127)  (1652,127)  (1652,192)  (1520,126)  (1586,321)  (1521,321)  (1457,256)  (1457,191)  (1716,257)  (1716,322)  (1651,322)  (1456,322)  (1585,62)  (1650,62)  (1715,62)  (1717,127)  (1717,192)  (1455,126)  (1455,61)  (1520,61)  (1780,20)  (1586,386)  (1392,257)  (1392,192)  (1781,257)  (1708,387)  (1391,351)  (1782,85)  (1782,150)  (1390,127)  (1390,62)  (1845,20)  (1643,451)  (1578,451)  (1327,286)  (1327,221)  (1846,215)  (1326,351)  (1847,85)  (1847,150)  (1325,156)  (1325,91)  (1325,26)  (1910,20)  (1262,286)  (1262,221)  (1911,215)  | overflowToLeft=false
Abyssinia  (4359,4434)  (4294,4498)  (4294,4433)  (4423,4499)  (4359,4369)  (4424,4420)  (4292,4368)  (4488,4485)  (4357,4304)  (4553,4477)  | overflowToLeft=false
SZ 2  (900,238)  (835,302)  (835,237)  (964,303)  (900,173)  (965,173)  (965,238)  (833,172)  (899,367)  (834,367)  (770,302)  (770,237)  (1029,303)  (1000,368)  (769,368)  (898,108)  (963,108)  (1028,108)  (1030,173)  (1030,238)  (768,172)  (768,107)  (833,107)  (1093,45)  (935,432)  (705,303)  (705,238)  (1094,303)  (1000,433)  (704,423)  (898,43)  (963,43)  (1028,43)  (1095,110)  (1095,175)  (703,173)  (703,108)  (703,43)  (768,42)  (833,42)  (870,488)  (1158,21)  (935,497)  (640,358)  (640,293)  (1159,240)  (1159,305)  (1000,498)  (639,423)  (1160,86)  (1160,151)  | overflowToLeft=false
SZ 1  (284,261)  (219,325)  (219,260)  (348,326)  (284,196)  (349,196)  (349,261)  (217,195)  (283,390)  (218,390)  (154,325)  (154,260)  (413,326)  (413,391)  (348,391)  (153,391)  (282,131)  (347,131)  (412,131)  (414,196)  (414,261)  (152,195)  (152,130)  (217,130)  (477,68)  (283,455)  (218,455)  (89,326)  (89,261)  (478,326)  (478,391)  (153,456)  (88,456)  (88,391)  (282,66)  (347,66)  (412,66)  (479,133)  (479,198)  (87,196)  (87,131)  (87,66)  (152,65)  (217,65)  (306,520)  (241,520)  (24,326)  (24,261)  (176,521)  (111,521)  (46,521)  (23,456)  (23,391)  | overflowToLeft=false
RR 19  (3266,1288)  | overflowToLeft=false
RR 12  (4801,840)  | overflowToLeft=false
RR 11  (5022,249)  | overflowToLeft=false
Transvaal  (3885,5661)  (4056,5653)  (4034,5717)  | overflowToLeft=false
RR 14  (5237,776)  | overflowToLeft=false
RR 13  (4948,749)  | overflowToLeft=false
RR 16  (5277,1023)  | overflowToLeft=false
RR 15  (5586,636)  | overflowToLeft=false
RR 18  (2981,1405)  | overflowToLeft=false
RR 17  (2512,1511)  | overflowToLeft=false
RR 110  (4335,5228)  | overflowToLeft=false
RR 111  (4234,5313)  | overflowToLeft=false
Petrozavodsk  (4884,70)  (4944,135)  (4879,135)  (4949,19)  | overflowToLeft=false
RR 112  (3562,5423)  | overflowToLeft=false
RR 113  (4068,5377)  | overflowToLeft=false
RR 114  (3602,5615)  | overflowToLeft=false
RR 115  (3986,5652)  | overflowToLeft=false
RR 21  (3930,1294)  | overflowToLeft=false
RR 116  (3708,5816)  | overflowToLeft=false
RR 20  (3524,1226)  | overflowToLeft=false
RR 117  (3904,5836)  | overflowToLeft=false
Bagdad  (5754,3110)  (5685,3167)  (5682,3102)  (5790,3045)  (5809,3175)  (5819,3110)  (5676,3232)  (5611,3241)  (5884,3085)  (5742,3296)  | overflowToLeft=false
RR 118  (65,4420)  | overflowToLeft=false
RR 119  (1156,4168)  | overflowToLeft=false
Kazan  (5759,448)  (5694,478)  (5823,513)  (5757,383)  (5824,407)  | overflowToLeft=false
Tunesia  (2824,2995)  (2759,3059)  (2759,2994)  (2888,3060)  (2824,2930)  (2889,2930)  (2889,2995)  (2823,3124)  (2758,3124)  (2953,3104)  (2888,3125)  (2922,2850)  (2755,2846)  (2820,2834)  (2823,3189)  (2758,3189)  (2899,3190)  | overflowToLeft=false
RR 45  (5757,1708)  | overflowToLeft=false
Scotland  (2062,549)  (1997,521)  (2088,614)  (2023,614)  (2100,484)  (2127,549)  (1987,456)  (2165,466)  (2130,689)  (2007,391)  | overflowToLeft=false
RR 44  (5430,1761)  | overflowToLeft=false
RR 47  (3658,2085)  | overflowToLeft=false
RR 46  (3259,2165)  | overflowToLeft=false
RR 49  (4196,1999)  | overflowToLeft=false
RR 48  (3907,1982)  | overflowToLeft=false
Lisala  (3786,4691)  (3721,4699)  (3721,4634)  (3850,4756)  (3786,4626)  (3851,4645)  (3785,4802)  (3820,4867)  | overflowToLeft=false
German E. Afrika  (4240,5002)  (4175,5004)  (4305,4957)  | overflowToLeft=false
RR 120  (1463,4085)  | overflowToLeft=false
RR 121  (1877,4286)  | overflowToLeft=false
RR 122  (2291,4303)  | overflowToLeft=false
RR 50  (5446,1972)  | overflowToLeft=false
RR 123  (306,4589)  | overflowToLeft=false
RR 124  (571,4602)  | overflowToLeft=false
RR 52  (3843,2243)  | overflowToLeft=false
RR 125  (871,4590)  | overflowToLeft=false
RR 51  (3393,2347)  | overflowToLeft=false
RR 126  (1601,4482)  | overflowToLeft=false
RR 54  (4243,2274)  | overflowToLeft=false
RR 127  (28,5204)  | overflowToLeft=false
RR 53  (4044,2222)  | overflowToLeft=false
RR 128  (471,5107)  | overflowToLeft=false
RR 129  (1031,5030)  | overflowToLeft=false
Flanders  (61,4169)  (125,4234)  (60,4234)  (22,4104)  (87,4104)  (126,4169)  (152,4078)  (162,4299)  (97,4299)  (32,4299)  (22,4039)  (87,4039)  (152,4013)  (171,4364)  (106,4364)  (41,4364)  (22,3974)  (87,3974)  (159,4429)  (31,4488)  (104,4511)  (28,4553)  (138,4576)  (25,4618)  (114,4641)  (22,4683)  (113,4706)  (107,4771)  (113,4836)  | overflowToLeft=false
American Isolationism  (2221,3793)  (2156,3857)  (2156,3792)  (2285,3858)  (2221,3728)  (2286,3728)  (2286,3793)  (2154,3727)  (2091,3866)  (2091,3801)  (2350,3858)  (2351,3706)  (2351,3771)  (2089,3736)  (2024,3718)  | overflowToLeft=false
Persia  (5346,3787)  (5281,3851)  (5281,3786)  (5410,3852)  (5346,3722)  (5411,3722)  (5411,3787)  (5279,3721)  (5216,3823)  (5475,3852)  (5475,3917)  (5410,3917)  (5476,3705)  (5476,3770)  (5214,3758)  (5541,3727)  (5149,3771)  (5149,3706)  (5084,3708)  | overflowToLeft=false
SZ 9  (2817,879)  (2752,943)  (2752,878)  (2881,944)  (2882,825)  (2816,1008)  (2751,1008)  (2687,943)  (2687,878)  (2946,890)  (2946,955)  (2686,1009)  (2947,825)  (2622,864)  (2737,1074)  (2618,799)  (2618,734)  (2606,669)  (2541,641)  | overflowToLeft=false
RR 34  (4915,1533)  | overflowToLeft=false
RR 33  (4413,1476)  | overflowToLeft=false
RR 36  (2368,2036)  | overflowToLeft=false
RR 35  (5383,1526)  | overflowToLeft=false
Tartarstan  (5946,986)  (6010,1051)  (5945,1051)  (5958,921)  (6011,986)  (5880,1057)  (6023,909)  (5905,1122)  | overflowToLeft=false
RR 38  (3085,2042)  | overflowToLeft=false
RR 37  (2855,2105)  | overflowToLeft=false
Sirte  (3624,3320)  (3727,3422)  | overflowToLeft=false
RR 130  (1924,4921)  | overflowToLeft=false
RR 39  (3230,1934)  | overflowToLeft=false
RR 131  (882,5381)  | overflowToLeft=false
RR 132  (1721,5297)  | overflowToLeft=false
RR 133  (2361,5184)  | overflowToLeft=false
RR 134  (461,5604)  | overflowToLeft=false
RR 135  (1161,5562)  | overflowToLeft=false
RR 41  (4555,1807)  | overflowToLeft=false
RR 136  (1984,5517)  | overflowToLeft=false
RR 40  (3740,1819)  | overflowToLeft=false
Cairo  (4825,3375)  (4875,3440)  | overflowToLeft=false
RR 137  (76,5900)  | overflowToLeft=false
RR 43  (4869,1806)  | overflowToLeft=false
RR 138  (1620,5967)  | overflowToLeft=false
RR 42  (4912,1650)  | overflowToLeft=false
RR 139  (1994,5820)  | overflowToLeft=false
Portuguese E. Africa  (4271,5183)  (4374,5167)  | overflowToLeft=false
Casablanca  (2102,3135)  (2037,3198)  (2198,3232)  (1972,3230)  (1972,3165)  (2259,3167)  (2263,3232)  (1907,3205)  (1907,3140)  (2324,3113)  (2336,2957)  (1842,3163)  (2389,3060)  (2389,3125)  (2401,2904)  | overflowToLeft=false
Portugal  (1839,2458)  (1864,2523)  (1799,2523)  (1814,2393)  (1879,2393)  (1863,2588)  (1798,2588)  (1810,2328)  (1875,2328)  (1862,2653)  (1797,2653)  (1798,2263)  | overflowToLeft=false
Svastepole  (4933,1762)  (4949,1827)  (4814,1831)  (4904,1937)  | overflowToLeft=false
Ardennes  (1679,4585)  (1614,4649)  (1614,4584)  (1743,4650)  (1679,4520)  (1744,4520)  (1744,4585)  (1560,4474)  (1678,4714)  (1613,4714)  (1808,4650)  (1808,4715)  (1743,4715)  (1548,4715)  (1736,4455)  (1801,4455)  (1809,4520)  (1809,4585)  (1625,4415)  (1504,4409)  (1866,4442)  (1678,4779)  (1613,4779)  (1788,4780)  (1874,4507)  (1874,4572)  (1690,4370)  (1569,4350)  (1445,4344)  (1939,4506)  (1634,4305)  (1517,4285)  | overflowToLeft=false
Samara  (5871,747)  (5806,811)  (5806,746)  (5935,812)  (5871,682)  (5936,691)  (5804,681)  (5741,805)  (6000,756)  (6001,653)  | overflowToLeft=false
S. Rhodesia  (3995,5449)  (4061,5530)  | overflowToLeft=false
Buchuanaland  (3833,5463)  (3768,5527)  (3897,5528)  (3785,5398)  (3850,5398)  (3898,5463)  | overflowToLeft=false
India  (5853,3859)  (5788,3923)  (5788,3858)  (5917,3924)  (5853,3794)  (5918,3794)  (5918,3859)  (5786,3793)  (5852,3988)  (5787,3988)  (5723,3923)  (5723,3858)  (5982,3924)  (5982,3989)  (5917,3989)  (5722,3989)  (5851,3729)  (5916,3729)  (5981,3729)  (5983,3794)  (5983,3859)  (5721,3793)  (5721,3728)  (5786,3728)  (6046,3704)  (5852,4053)  (5658,3924)  (5658,3859)  (6047,3924)  (6047,3989)  (6047,4054)  (5982,4054)  (5917,4054)  (5657,3995)  (6048,3769)  (6048,3834)  (5656,3794)  (5656,3729)  (5593,3930)  (6058,4119)  (5993,4119)  (5592,4000)  | overflowToLeft=false
Canada  (220,2653)  (155,2717)  (155,2652)  (284,2718)  (220,2588)  (285,2588)  (285,2653)  (155,2552)  (219,2782)  (154,2782)  (90,2717)  (220,2523)  (285,2523)  (350,2523)  (350,2588)  (63,2652)  (25,2725)  (415,2498)  (480,2470)  (638,2572)  | overflowToLeft=false
Mosul  (5519,2881)  (5454,2910)  (5454,2845)  (5519,2816)  (5584,2831)  (5584,2896)  (5442,2992)  | overflowToLeft=false
Cologne  (1846,4099)  (1781,4071)  (1910,4164)  (1846,4034)  (1911,4034)  (1911,4099)  (1753,4192)  (1752,4006)  (1975,4164)  (1975,4229)  (1910,4229)  (1817,3969)  (1882,3969)  (1947,3969)  (1976,4034)  (1976,4099)  (1688,4174)  (1802,4257)  (1687,4058)  (1687,3993)  (2012,3963)  (2040,4164)  (2040,4229)  (2040,4294)  (1975,4294)  (2105,4319)  (2040,4359)  (2137,4455)  | overflowToLeft=false
Saxony  (3510,1372)  (3575,1336)  (3475,1476)  (3401,1483)  (3382,1376)  (3635,1401)  (3640,1320)  | overflowToLeft=false
Crete  (4222,2933)  | overflowToLeft=false
United States  (100,3153)  (35,3217)  (35,3152)  (164,3218)  (100,3088)  (165,3088)  (165,3153)  (33,3087)  (99,3282)  (34,3282)  (107,3023)  (172,3023)  (230,3133)  (22,3022)  (237,2992)  (119,3347)  (54,3347)  (22,2957)  (258,2927)  (323,2913)  | overflowToLeft=false
Gorkiy  (5569,697)  (5514,622)  (5633,762)  (5568,762)  (5634,687)  (5579,595)  (5496,557)  (5561,530)  | overflowToLeft=false
Soissons  (543,5040)  (607,5105)  (542,5105)  (545,4975)  (608,5040)  (610,4973)  (428,5154)  (422,5089)  (613,5170)  (548,5170)  (673,5038)  (559,4908)  (624,4908)  (675,4973)  (402,5024)  (439,5219)  (374,5219)  (363,5154)  (357,5089)  (591,5235)  (526,5235)  (309,5273)  (439,5284)  (374,5284)  (298,5208)  (292,5143)  (292,5078)  (587,5300)  (522,5300)  (439,5349)  (227,5148)  (227,5083)  (523,5365)  | overflowToLeft=false
Moscow  (5152,632)  (5087,696)  (5087,631)  (5211,697)  (5152,567)  (5085,566)  (5022,670)  (5150,502)  (5282,676)  (5020,605)  (5284,580)  (5109,802)  (5323,803)  (5175,807)  (5347,645)  (5347,710)  (5349,547)  (5215,872)  (5412,612)  | overflowToLeft=false
Cyreniaca  (3976,3303)  (3913,3229)  (3944,3368)  (4041,3273)  (3879,3420)  | overflowToLeft=false
Bolshevik Revolution  (2607,3782)  (2542,3846)  (2542,3781)  (2671,3847)  (2607,3717)  (2672,3717)  (2672,3782)  (2540,3716)  (2477,3875)  (2477,3810)  (2736,3847)  (2737,3706)  (2737,3771)  (2475,3745)  (2802,3706)  | overflowToLeft=false
Tabriz  (5629,2683)  (5564,2724)  (5564,2659)  (5693,2748)  (5629,2618)  (5750,2562)  (5694,2813)  (5775,2627)  (5788,2692)  (5815,2525)  (5840,2590)  (5853,2655)  (5905,2539)  (5918,2604)  | overflowToLeft=false
Riga  (4431,665)  (4366,692)  (4495,730)  (4406,600)  (4471,600)  (4496,665)  (4430,757)  (4306,594)  (4535,795)  (4439,535)  | overflowToLeft=false
Naples  (3522,2359)  (3632,2404)  (3587,2505)  (3605,2573)  | overflowToLeft=false
Cabinda  (3526,5029)  (3596,5091)  | overflowToLeft=false
Nigeria  (3279,4345)  (3253,4410)  (3348,4412)  (3214,4345)  (3214,4280)  (3279,4280)  (3375,4345)  (3188,4421)  (3402,4278)  (3440,4343)  (3467,4277)  | overflowToLeft=false
Gallipoli  (4368,2349)  (4305,2381)  (4436,2351)  | overflowToLeft=false
Switzerland  (3026,1752)  (2961,1782)  (3091,1714)  (3091,1779)  | overflowToLeft=false
Spain  (2194,2390)  (2129,2454)  (2129,2389)  (2258,2455)  (2194,2325)  (2259,2325)  (2259,2390)  (2127,2324)  (2193,2519)  (2128,2519)  (2064,2454)  (2064,2389)  (2323,2455)  (2323,2520)  (2258,2520)  (2063,2520)  (2192,2260)  (2257,2260)  (2322,2260)  (2324,2325)  (2324,2390)  (2062,2324)  (2062,2259)  (2127,2259)  (2387,2247)  (2193,2584)  (2128,2584)  (1999,2455)  (1999,2390)  (2361,2585)  (2296,2585)  (1998,2573)  (2192,2195)  (2389,2312)  (2389,2377)  (1997,2325)  (1997,2233)  (2062,2194)  (2127,2194)  (2231,2649)  (2166,2649)  (2309,2650)  (2454,2260)  (2454,2325)  (1932,2182)  (2236,2714)  (2519,2261)  (2519,2326)  (2584,2261)  | overflowToLeft=false
Bohemia  (3706,1471)  (3761,1543)  (3771,1456)  (3826,1529)  (3836,1437)  | overflowToLeft=false
Penza  (5930,1397)  (5994,1462)  (5929,1462)  (5891,1332)  (5956,1332)  (5995,1397)  (6021,1306)  (5816,1311)  (5809,1382)  (5911,1527)  (5740,1204)  | overflowToLeft=false
Volgograd  (5304,1463)  (5273,1398)  (5372,1396)  (5403,1461)  (5335,1528)  (5270,1528)  (5239,1463)  (5432,1526)  (5208,1398)  (5437,1394)  (5468,1459)  (5358,1593)  (5293,1593)  (5497,1524)  | overflowToLeft=false
Saratov  (5611,1304)  (5546,1339)  (5546,1274)  (5675,1369)  (5611,1239)  (5676,1270)  (5518,1209)  (5610,1404)  (5481,1316)  (5720,1434)  (5583,1174)  (5655,1469)  | overflowToLeft=false
Northern Sudan  (4018,4005)  (3953,4069)  (3953,4004)  (4080,4070)  (4083,3964)  (4015,4134)  (4175,3964)  (4194,4029)  | overflowToLeft=false
Basrah  (5926,3251)  (5928,3186)  (5991,3251)  (6056,3263)  | overflowToLeft=false
Mozambique  (4164,5449)  (4177,5514)  (4181,5279)  | overflowToLeft=false
Luderitz  (3669,5566)  (3685,5631)  | overflowToLeft=false
Tobruk  (4202,3268)  (4177,3337)  (4247,3339)  | overflowToLeft=false
Berlin  (3541,1168)  (3450,1207)  (3606,1105)  (3606,1170)  | overflowToLeft=false
RR 99  (4632,4405)  | overflowToLeft=false
Prussia  (3958,943)  (3893,978)  (3954,878)  (4019,878)  (3928,1061)  (4084,827)  (3828,989)  (3979,813)  | overflowToLeft=false
Rhodesia  (3968,5236)  (3903,5300)  (3903,5235)  (4000,5301)  (4033,5212)  (3901,5170)  (4078,5124)  (3838,5300)  (3838,5235)  (4098,5189)  (4163,5139)  | overflowToLeft=false
Southern Sudan  (4038,4331)  (3973,4395)  (4102,4396)  (4027,4266)  (4092,4266)  (4103,4331)  (3934,4221)  (4157,4212)  (4037,4460)  (3972,4460)  (3908,4395)  (4167,4396)  (4110,4461)  (4168,4277)  (3874,4330)  (4222,4190)  (4042,4525)  (3841,4265)  | overflowToLeft=false
Piedmont  (3067,1949)  (3002,1991)  (3002,1890)  (3067,1884)  | overflowToLeft=false
Macedonia  (3989,2389)  (4068,2398)  (4133,2338)  (4140,2407)  | overflowToLeft=false
Frankfurt  (2000,4832)  (1930,4767)  (2016,4766)  (1914,4835)  (2060,4897)  (1995,4897)  (2065,4831)  (1907,4702)  (2032,4701)  (2081,4766)  (1858,4900)  (2097,4685)  (2114,4962)  (1872,4980)  (1943,4989)  (2051,4620)  (2116,4620)  (2008,5028)  (2073,5067)  (2008,5093)  (2082,5132)  | overflowToLeft=false
Damascus  (5084,3127)  (5112,3020)  | overflowToLeft=false
Karkov  (4709,1624)  (4689,1559)  (4774,1593)  (4839,1625)  (4710,1767)  (5040,1722)  (5072,1647)  (5105,1736)  (5137,1631)  | overflowToLeft=false
Argonne  (833,5255)  (768,5319)  (768,5254)  (870,5320)  (833,5190)  (898,5190)  (898,5255)  (766,5189)  (949,5366)  (703,5372)  (703,5307)  (831,5125)  (701,5242)  (701,5177)  (766,5124)  (976,5301)  (830,5434)  (895,5447)  (786,5059)  | overflowToLeft=false
Krasnodar  (5345,2029)  (5280,2049)  (5280,1984)  (5409,2094)  (5345,1964)  (5410,2021)  (5344,2114)  (5410,1929)  (5234,1919)  (5215,2011)  (5474,2103)  (5299,1899)  (5483,2168)  (5486,1929)  (5518,1994)  (5556,2059)  (5583,1968)  | overflowToLeft=false
Ireland  (1790,977)  (1725,963)  (1854,1042)  (1789,1042)  (1790,912)  (1855,954)  (1724,1058)  (1855,879)  (1730,1123)  (1807,814)  (1872,814)  | overflowToLeft=false
Vienna  (3756,1715)  (3691,1698)  (3821,1654)  (3649,1794)  (3909,1618)  | overflowToLeft=false
Rostov  (5509,1822)  (5574,1834)  (5571,1753)  (5502,1740)  (5407,1847)  (5384,1709)  (5639,1832)  (5342,1801)  | overflowToLeft=false
Galacia  (4126,1511)  (4061,1503)  (4126,1446)  (4191,1446)  (4052,1438)  (4205,1591)  (4140,1610)  (4256,1444)  (3986,1572)  (4270,1571)  (4270,1636)  (3967,1507)  | overflowToLeft=false
Spanish Morocco  (2075,2999)  (2010,3049)  (2010,2984)  (2140,2961)  (2140,3026)  (2205,2972)  | overflowToLeft=false
Norway  (2980,276)  (2915,340)  (2915,275)  (3040,341)  (2980,211)  (3045,211)  (3045,276)  (2913,210)  (2975,405)  (2978,146)  (3043,146)  (3108,146)  (3110,211)  (2892,145)  (3173,83)  (2957,81)  (3022,81)  (3087,81)  (3175,148)  (3175,213)  (2890,80)  (3238,20)  (3240,85)  | overflowToLeft=false
Uganda  (4196,4615)  (4171,4550)  | overflowToLeft=false
Arras  (298,4734)  (233,4798)  (233,4733)  (330,4799)  (231,4668)  (376,4656)  (397,4721)  (417,4786)  (265,4863)  (200,4863)  (351,4864)  (218,4603)  (390,4560)  (286,4928)  (221,4928)  (310,4536)  (375,4495)  (245,4492)  (310,4471)  (375,4430)  (237,4427)  (302,4406)  | overflowToLeft=false
Paris  (2547,1742)  (2502,1677)  (2625,1664)  (2652,1729)  (2517,1857)  (2585,1871)  (2717,1696)  | overflowToLeft=false
Antalya  (4720,2726)  (4833,2728)  (4599,2795)  | overflowToLeft=false
SZ 35  (4619,2946)  (4554,3010)  (4554,2945)  (4683,3011)  (4619,2881)  (4684,2881)  (4684,2946)  (4552,2880)  (4504,3075)  (4489,3010)  (4489,2945)  (4748,3011)  (4749,2886)  (4487,2880)  (4439,3125)  (4504,3140)  (4424,3060)  (4424,2995)  (4813,2951)  (4813,3016)  (4422,2930)  (4422,2865)  (4849,2885)  (4439,3190)  (4504,3205)  (4878,2950)  (4878,3015)  (4914,2872)  (4943,2937)  (4943,3002)  (4979,2843)  | overflowToLeft=false
SZ 34  (4248,2748)  (4183,2812)  (4183,2747)  (4312,2813)  (4248,2683)  (4313,2704)  (4179,2636)  (4244,2618)  (4309,2573)  (4148,2571)  (4213,2553)  (4278,2508)  (4230,2443)  | overflowToLeft=false
SZ 33  (3428,2973)  (3363,3037)  (3363,2972)  (3492,3038)  (3428,2908)  (3493,2908)  (3493,2973)  (3361,2907)  (3298,3080)  (3298,3015)  (3557,3038)  (3557,3103)  (3492,3103)  (3426,2843)  (3558,2860)  (3558,2925)  (3296,2950)  (3296,2885)  (3361,2842)  (3274,2820)  (3233,3031)  (3622,3086)  (3622,3151)  (3339,2777)  (3670,3216)  (3605,3216)  (3687,3086)  (3687,3151)  (3735,3216)  (3752,3086)  (3752,3151)  (3765,3281)  (3800,3216)  (3817,3086)  (3817,3151)  (3882,3086)  (3947,3086)  (3956,2930)  (3956,2995)  (4012,3060)  (4021,2942)  (4077,3007)  (4077,3072)  (4136,3137)  (4142,2969)  (4142,3034)  (4201,3099)  (4201,3164)  (4207,3000)  (4266,3065)  (4266,3130)  | overflowToLeft=false
SZ 32  (3754,2611)  (3689,2675)  (3818,2676)  (3697,2546)  (3762,2546)  (3819,2611)  (3827,2538)  (3624,2722)  (3883,2676)  (3785,2428)  (3559,2782)  (3559,2717)  (3956,2801)  (3720,2367)  (3785,2363)  (4021,2862)  (3652,2330)  (3717,2302)  (3625,2265)  | overflowToLeft=false
Luneville  (2037,5920)  (1972,5984)  (1972,5919)  (2090,5985)  (2058,5855)  (2102,5920)  (1933,5807)  | overflowToLeft=false
SZ 39  (5943,3443)  (6006,3392)  (6019,3459)  (6014,3531)  (6046,3599)  | overflowToLeft=false
SZ 38  (4948,3604)  | overflowToLeft=false
SZ 37  (4998,2067)  (4933,2102)  (5063,2025)  (5063,2090)  (5128,2055)  (5128,2120)  (5009,1917)  (5074,1911)  (4819,2081)  (4811,2016)  (5193,2103)  (4746,2067)  (4746,2002)  (4746,1918)  (5258,2153)  (4681,2055)  (4681,1990)  (4681,1925)  (4616,2043)  | overflowToLeft=false
SZ 36  (4773,2215)  (4708,2279)  (4708,2214)  (4773,2150)  (4838,2163)  (4838,2228)  (4706,2149)  (4643,2334)  (4643,2269)  (4903,2175)  (4903,2240)  (4641,2204)  (4641,2139)  (4578,2342)  (4578,2277)  (4968,2187)  (4576,2212)  (4576,2147)  (5000,2252)  (4513,2315)  (4511,2250)  (5065,2204)  (5065,2269)  (5130,2217)  (5130,2282)  (5159,2347)  (5195,2229)  (5224,2294)  (5289,2246)  (5289,2311)  (5354,2258)  (5354,2323)  | overflowToLeft=false
SZ 31  (3456,2091)  (3391,2070)  (3520,2156)  (3455,2156)  (3456,2026)  (3369,2005)  | overflowToLeft=false
Somme  (553,4488)  (488,4552)  (488,4487)  (553,4423)  (618,4423)  (618,4488)  (486,4422)  (636,4553)  (551,4358)  (616,4358)  (497,4639)  (668,4641)  (603,4691)  (517,4704)  (621,4756)  | overflowToLeft=false
SZ 30  (3252,2559)  (3187,2623)  (3187,2558)  (3316,2624)  (3252,2494)  (3317,2494)  (3317,2559)  (3185,2493)  (3239,2688)  (3174,2688)  (3381,2624)  (3250,2429)  (3315,2429)  (3382,2454)  (3382,2519)  (3178,2428)  (3109,2695)  (3109,2630)  (3446,2584)  (3447,2496)  (3213,2363)  (3044,2715)  (3044,2650)  (3511,2561)  | overflowToLeft=false
Bavaria  (3158,1532)  (3147,1467)  (3212,1467)  (3070,1619)  (3253,1590)  (3318,1543)  | overflowToLeft=false
Baku  (5837,2326)  (5772,2390)  (5772,2325)  (5901,2391)  (5837,2261)  (5902,2326)  (5770,2260)  (5966,2422)  (5901,2456)  (5762,2195)  | overflowToLeft=false
Metz  (2021,5433)  (1956,5429)  (2085,5498)  (2021,5368)  (2086,5368)  (2086,5433)  (1951,5364)  (1924,5530)  (2150,5498)  (2119,5563)  (2016,5303)  (2081,5303)  (2151,5321)  (2151,5386)  (1989,5584)  (1859,5473)  (1924,5595)  (2054,5637)  (1989,5649)  (1924,5660)  (2119,5690)  (2054,5702)  | overflowToLeft=false
SZ 29  (2872,2277)  (2807,2341)  (2807,2276)  (2936,2342)  (2932,2212)  (2937,2277)  (2805,2211)  (2997,2152)  (2742,2352)  (2742,2287)  (3001,2342)  (2965,2407)  (3002,2217)  (2740,2222)  (3062,2143)  (2677,2352)  (3067,2208)  (3131,2273)  (2567,2454)  (2502,2455)  | overflowToLeft=false
Corsica   (3066,2282)  | overflowToLeft=false
Nye Lukemba  (3931,4893)  (3995,4958)  (3996,4890)  | overflowToLeft=false
SZ 24  (441,3324)  (376,3388)  (376,3323)  (505,3389)  (441,3259)  (506,3259)  (506,3324)  (374,3258)  (440,3453)  (375,3453)  (311,3388)  (311,3323)  (570,3389)  (570,3454)  (505,3454)  (310,3454)  (439,3194)  (504,3194)  (569,3194)  (571,3259)  (571,3324)  (309,3258)  (330,3193)  (634,3131)  (440,3518)  (375,3518)  (246,3389)  (246,3324)  (635,3389)  (635,3454)  (635,3519)  (570,3519)  (505,3519)  (310,3519)  (245,3485)  (395,3129)  (460,3129)  (525,3129)  (636,3196)  (636,3261)  (327,3128)  (590,3066)  (699,3126)  (440,3583)  (375,3583)  (700,3508)  (700,3573)  (635,3584)  (570,3584)  (505,3584)  (310,3584)  | overflowToLeft=false
SZ 23  (875,2639)  (810,2703)  (810,2638)  (939,2704)  (875,2574)  (940,2574)  (940,2639)  (808,2573)  (745,2762)  (745,2697)  (1004,2704)  (873,2509)  (938,2509)  (1003,2509)  (1005,2574)  (1005,2639)  (743,2508)  (808,2508)  (1068,2470)  (680,2762)  (680,2697)  (1069,2704)  (1070,2535)  (1070,2600)  (678,2492)  (654,2859)  (1133,2470)  (615,2794)  (1134,2665)  (1134,2730)  (1135,2535)  (1135,2600)  (654,2924)  (589,2924)  (589,2859)  (563,2629)  (654,2989)  (589,2989)  (524,2989)  (524,2924)  (465,2859)  (459,2994)  (459,2929)  (394,2994)  | overflowToLeft=false
SZ 22  (1933,1875)  (1868,1939)  (1868,1874)  (1997,1940)  (1933,1810)  (1998,1810)  (1998,1875)  (1866,1809)  (1932,2004)  (1867,2004)  (1803,1939)  (1803,1874)  (2029,2005)  (1802,2005)  (1931,1745)  (1996,1745)  (1801,1809)  (1801,1744)  (1866,1744)  (2061,1727)  (2126,1718)  (1964,2069)  (1899,2069)  (2029,2070)  (1834,2070)  (1931,1680)  (1996,1680)  (1800,1679)  (1865,1679)  (2148,2091)  (2213,2091)  | overflowToLeft=false
SZ 21  (1520,2045)  (1455,2109)  (1455,2044)  (1584,2110)  (1520,1980)  (1585,1980)  (1585,2045)  (1453,1979)  (1519,2174)  (1454,2174)  (1390,2109)  (1390,2044)  (1649,2110)  (1649,2175)  (1584,2175)  (1389,2175)  (1518,1915)  (1583,1915)  (1648,1915)  (1650,1980)  (1650,2045)  (1388,1979)  (1388,1914)  (1453,1914)  (1713,1852)  (1519,2239)  (1454,2239)  (1325,2110)  (1325,2045)  (1714,2110)  (1714,2240)  (1649,2240)  (1584,2240)  (1389,2240)  (1324,2240)  (1324,2175)  (1518,1850)  (1583,1850)  (1648,1850)  (1715,1917)  (1715,1982)  (1323,1980)  (1323,1915)  (1323,1850)  (1388,1849)  (1453,1849)  (1713,1787)  (1519,2304)  (1454,2304)  (1260,2110)  (1260,2045)  | overflowToLeft=false
SZ 28  (2522,2695)  (2457,2759)  (2457,2694)  (2584,2760)  (2522,2630)  (2649,2716)  (2392,2811)  (2392,2746)  (2463,2565)  (2528,2565)  (2714,2716)  (2327,2839)  (2327,2774)  (2779,2716)  (2844,2716)  (2944,2522)  (2944,2587)  | overflowToLeft=false
SZ 27  (2079,2851)  (2144,2822)  (2209,2822)  (1934,2869)  (1910,2934)  (1896,2804)  (1869,2869)  (1831,2804)  | overflowToLeft=false
SZ 26  (1472,3297)  (1407,3361)  (1407,3296)  (1536,3362)  (1472,3232)  (1537,3232)  (1537,3297)  (1405,3231)  (1471,3426)  (1406,3426)  (1342,3361)  (1342,3296)  (1601,3362)  (1601,3427)  (1536,3427)  (1341,3427)  (1470,3167)  (1535,3167)  (1600,3167)  (1602,3232)  (1602,3297)  (1340,3231)  (1340,3166)  (1405,3166)  (1665,3126)  (1471,3491)  (1406,3491)  (1277,3362)  (1277,3297)  (1341,3492)  (1276,3492)  (1276,3427)  (1667,3191)  (1275,3232)  (1275,3167)  (1410,3556)  (1345,3557)  (1280,3557)  (1739,3030)  (1739,2965)  (1804,3034)  | overflowToLeft=false
St. Petersburg  (4699,319)  (4634,383)  (4634,318)  (4763,384)  (4764,291)  (4746,222)  (4698,448)  (4633,448)  (4569,383)  (4569,318)  (4828,356)  (4828,421)  (4763,449)  (4568,449)  (4829,291)  (4504,384)  (4504,319)  (4503,456)  | overflowToLeft=false
SZ 25  (1474,2621)  (1409,2685)  (1409,2620)  (1538,2686)  (1474,2556)  (1539,2556)  (1539,2621)  (1407,2555)  (1473,2750)  (1408,2750)  (1344,2685)  (1344,2620)  (1603,2686)  (1603,2751)  (1538,2751)  (1343,2751)  (1472,2491)  (1537,2491)  (1602,2491)  (1604,2556)  (1604,2621)  (1342,2555)  (1342,2490)  (1407,2490)  (1667,2469)  (1279,2686)  (1279,2621)  (1668,2686)  (1668,2751)  (1278,2762)  (1669,2534)  (1669,2599)  (1277,2556)  (1277,2491)  (1739,2857)  | overflowToLeft=false
SZ 20  (916,2116)  (851,2180)  (851,2115)  (980,2181)  (916,2051)  (981,2051)  (981,2116)  (849,2050)  (915,2245)  (850,2245)  (786,2180)  (786,2115)  (1045,2181)  (1045,2246)  (980,2246)  (785,2246)  (914,1986)  (979,1986)  (1044,1986)  (1046,2051)  (1046,2116)  (784,2050)  (1109,1923)  (915,2310)  (850,2310)  (721,2181)  (721,2116)  (1110,2181)  (1110,2246)  (1110,2311)  (1045,2311)  (980,2311)  (785,2311)  (720,2311)  (720,2246)  (866,1921)  (931,1921)  (996,1921)  (1111,1988)  (1111,2053)  (719,2051)  (1061,1858)  (1126,1858)  (915,2375)  (850,2375)  (656,2181)  (656,2116)  (1175,2155)  (1175,2220)  (1175,2285)  (1175,2350)  | overflowToLeft=false
Tuscany  (3324,2133)  (3219,2076)  (3187,2158)  (3412,2235)  (3372,2179)  | overflowToLeft=false
Venice  (3269,1863)  (3204,1880)  (3258,1798)  (3323,1798)  | overflowToLeft=false
Astrakhan  (5949,1694)  (5884,1757)  (6013,1759)  (5927,1629)  (5992,1629)  (6014,1694)  (6057,1586)  (6011,1824)  | overflowToLeft=false
French Niger  (3645,4033)  (3580,4093)  (3580,4028)  (3645,3968)  (3710,3968)  (3710,4033)  (3515,4105)  (3515,4040)  (3515,3975)  (3775,3964)  (3775,4029)  (3803,4094)  | overflowToLeft=false
S. Africa  (3751,5693)  (3792,5758)  (3727,5762)  (3756,5628)  (3740,5881)  | overflowToLeft=false
London  (2325,1187)  (2260,1244)  (2337,1122)  (2390,1187)  (2390,1252)  (2325,1252)  (2402,1103)  (2195,1281)  (2077,1313)  | overflowToLeft=false
SZ 19  (277,2140)  (212,2204)  (212,2139)  (341,2205)  (277,2075)  (342,2075)  (342,2140)  (210,2074)  (276,2269)  (211,2269)  (147,2204)  (147,2139)  (406,2205)  (406,2270)  (341,2270)  (146,2270)  (275,2010)  (407,2015)  (407,2080)  (145,2074)  (145,2009)  (210,2009)  (276,2334)  (211,2334)  (82,2205)  (82,2140)  (471,2145)  (471,2210)  (471,2275)  (406,2335)  (341,2335)  (146,2335)  (81,2335)  (81,2270)  (275,1945)  (472,2015)  (472,2080)  (80,2075)  (80,2010)  (80,1945)  (145,1944)  (210,1944)  (476,2340)  (536,2145)  (536,2210)  (536,2275)  (22,1880)  (275,1880)  (537,2015)  (537,2080)  (87,1879)  (152,1879)  | overflowToLeft=false
SZ 18  (1674,1362)  (1609,1426)  (1609,1361)  (1738,1427)  (1674,1297)  (1739,1297)  (1739,1362)  (1607,1296)  (1673,1491)  (1608,1491)  (1544,1426)  (1544,1361)  (1803,1427)  (1803,1492)  (1738,1492)  (1744,1232)  (1804,1297)  (1804,1362)  (1562,1231)  (1627,1231)  (1809,1227)  (1673,1556)  (1608,1556)  (1479,1483)  (1479,1418)  (1479,1353)  (1868,1427)  (1868,1492)  (1868,1557)  (1803,1557)  (1738,1557)  (1869,1292)  (1869,1357)  (1562,1166)  (1874,1166)  (1414,1483)  (1414,1418)  (1414,1353)  (1934,1231)  (1934,1296)  (1349,1483)  (1349,1418)  (1349,1353)  (1999,1229)  (1284,1483)  (1284,1418)  (1284,1353)  | overflowToLeft=false
Be'er Sheva  (4916,3312)  | overflowToLeft=false
SZ 57  (3435,5959)  (3370,6023)  (3370,5958)  (3499,6024)  (3435,5894)  (3500,5894)  (3500,5959)  (3305,6058)  (3305,5993)  (3564,6024)  (3388,5829)  (3453,5829)  (3518,5829)  (3565,5894)  (3565,5959)  (3583,5811)  (3240,6058)  (3240,5993)  (3629,6024)  (3388,5764)  (3453,5764)  (3518,5764)  (3630,5959)  (3175,6058)  (3175,5993)  (3694,6024)  (3110,6058)  (3110,5993)  | overflowToLeft=false
SZ 56  (3315,5500)  (3250,5564)  (3250,5499)  (3379,5565)  (3315,5435)  (3380,5435)  (3380,5500)  (3248,5434)  (3185,5566)  (3185,5501)  (3444,5565)  (3444,5630)  (3313,5370)  (3378,5370)  (3445,5444)  (3197,5369)  (3120,5566)  (3120,5501)  (3509,5627)  (3509,5692)  (3444,5695)  | overflowToLeft=false
SZ 55  (3198,4993)  (3133,5057)  (3133,4992)  (3262,5058)  (3198,4928)  (3263,4928)  (3263,4993)  (3131,4927)  (3068,5116)  (3068,5051)  (3327,5058)  (3327,5123)  (3262,5123)  (3196,4863)  (3261,4863)  (3326,4863)  (3328,4928)  (3328,4993)  (3066,4986)  (3066,4921)  (3131,4862)  (3065,4856)  (3197,5181)  (3003,5116)  (3003,5051)  (3392,5058)  (3392,5123)  (3392,5188)  (3327,5188)  (3262,5188)  (3196,4798)  (3261,4798)  (3393,4905)  (3393,4970)  (3001,4986)  (3130,4797)  (3065,4791)  (3197,5246)  (2938,5116)  (2938,5051)  (3457,5109)  (3402,5253)  (3337,5253)  (3272,5253)  (2936,4986)  | overflowToLeft=false
SZ 54  (2650,5728)  (2585,5792)  (2585,5727)  (2714,5793)  (2650,5663)  (2715,5663)  (2715,5728)  (2583,5662)  (2649,5857)  (2584,5857)  (2520,5792)  (2520,5727)  (2779,5793)  (2779,5858)  (2714,5858)  (2519,5858)  (2648,5598)  (2713,5598)  (2778,5598)  (2780,5663)  (2780,5728)  (2518,5662)  (2518,5597)  (2583,5597)  (2843,5535)  (2649,5922)  (2584,5922)  (2824,5923)  (2759,5923)  (2519,5923)  (2648,5533)  (2713,5533)  (2778,5533)  (2470,5532)  (2535,5532)  (2889,5930)  (2908,5480)  (2908,5545)  (2694,5987)  (2629,5987)  (2824,5988)  (2759,5988)  (2564,5988)  (2499,5988)  (2600,5468)  (2470,5467)  (2535,5467)  (2916,5995)  (2954,5930)  (2973,5480)  (2973,5545)  | overflowToLeft=false
SZ 59  (4340,5535)  (4275,5599)  (4275,5534)  (4404,5600)  (4340,5470)  (4405,5470)  (4405,5535)  (4273,5469)  (4339,5664)  (4274,5664)  (4469,5658)  (4404,5665)  (4209,5665)  (4338,5405)  (4403,5405)  (4468,5405)  (4509,5723)  (4339,5729)  (4274,5729)  (4444,5730)  (4209,5730)  (4144,5730)  (4410,5340)  (4475,5340)  | overflowToLeft=false
SZ 58  (4228,5946)  (4163,6010)  (4163,5945)  (4292,6011)  (4228,5881)  (4293,5881)  (4293,5946)  (4161,5880)  (4098,6058)  (4098,5993)  (4357,6011)  (4226,5816)  (4291,5816)  (4356,5816)  (4358,5881)  (4358,5946)  (4096,5928)  (4096,5863)  (4161,5815)  (4421,5813)  (4033,6058)  (4033,5993)  (4422,6011)  (4423,5878)  (4423,5943)  (4031,5928)  (4486,5813)  (3968,6058)  (3968,5993)  (4487,6008)  (4488,5878)  (4488,5943)  (3966,5928)  (3903,6058)  (3903,5993)  (3838,6058)  (3838,5993)  | overflowToLeft=false
Madagascar  (4599,5404)  (4604,5469)  (4574,5339)  (4639,5339)  (4539,5486)  (4560,5551)  | overflowToLeft=false
SZ 53  (2629,5033)  (2564,5097)  (2564,5032)  (2693,5098)  (2629,4968)  (2694,4968)  (2694,5033)  (2562,4967)  (2628,5162)  (2563,5162)  (2499,5097)  (2499,5032)  (2758,5098)  (2498,5163)  (2759,4956)  (2759,5021)  (2497,4967)  (2497,4902)  (2633,5227)  (2568,5227)  (2823,5086)  (2503,5228)  (2824,4956)  (2824,5021)  (2470,4837)  (2633,5292)  (2568,5292)  (2503,5293)  (2470,4772)  | overflowToLeft=false
SZ 52  (3130,4604)  (3065,4668)  (3065,4592)  (3194,4669)  (3130,4539)  (3195,4593)  (3000,4592)  (3259,4658)  (2935,4592)  (3324,4608)  (2870,4592)  (2805,4592)  | overflowToLeft=false
SZ 51  (2547,4518)  (2482,4582)  (2482,4517)  (2611,4583)  (2547,4453)  (2612,4514)  (2480,4452)  (2501,4647)  (2676,4579)  (2470,4387)  (2470,4098)  (2470,4033)  | overflowToLeft=false
SZ 50  (4618,5063)  (4553,5127)  (4553,5062)  (4672,5128)  (4618,4998)  (4683,4998)  (4683,5063)  (4551,4997)  (4607,5192)  (4542,5192)  (4488,5127)  (4488,5062)  (4616,4933)  (4681,4933)  (4748,5062)  (4486,4997)  (4486,4932)  (4551,4932)  (4754,5127)  (4477,5203)  (4778,5192)  (4546,5257)  (4813,5062)  (4819,5127)  (4843,5192)  | overflowToLeft=false
Tallin  (4308,380)  (4372,445)  (4373,345)  (4249,288)  (4314,275)  | overflowToLeft=false
Sweden  (3448,467)  (3383,531)  (3383,466)  (3512,532)  (3448,402)  (3513,402)  (3513,467)  (3381,401)  (3447,596)  (3382,596)  (3318,504)  (3561,597)  (3446,337)  (3511,337)  (3576,337)  (3578,402)  (3578,467)  (3316,439)  (3316,374)  (3381,336)  (3289,309)  (3641,274)  (3496,661)  (3431,661)  (3446,272)  (3511,272)  (3576,272)  (3354,271)  (3276,244)  (3641,209)  (3706,209)  (3706,274)  (3422,726)  (3419,207)  (3484,207)  (3549,207)  (3341,206)  (3614,144)  (3679,144)  (3406,142)  (3471,142)  (3536,142)  (3329,141)  (3601,79)  (3394,77)  (3459,77)  (3524,77)  | overflowToLeft=false
Mesopotamia  (5925,2897)  (5860,2853)  (5989,2962)  (5924,2962)  (5925,2832)  (5990,2832)  (5990,2897)  (5818,2788)  (6054,2962)  (6054,3027)  (5989,3027)  (5883,2767)  (5948,2767)  (6055,2793)  (6055,2858)  (6058,3092)  (5993,3092)  (5724,2975)  (6058,3157)  | overflowToLeft=false
Poland  (4197,1149)  (4132,1197)  (4132,1132)  (4197,1084)  (4262,1084)  (4262,1149)  (4114,1067)  (4302,1255)  (4237,1276)  (4067,1231)  (4067,1166)  (4179,1019)  (4244,1019)  (4309,1019)  (4327,1084)  (4327,1149)  (4049,1101)  (4106,1305)  (4172,1315)  (4002,1168)  | overflowToLeft=false
SZ 46  (5656,4785)  (5591,4849)  (5591,4784)  (5720,4850)  (5656,4720)  (5721,4720)  (5721,4785)  (5589,4719)  (5786,4686)  (5851,4686)  (5916,4686)  (5981,4686)  (6046,4686)  | overflowToLeft=false
SZ 45  (5230,4671)  (5165,4735)  (5165,4670)  (5294,4736)  (5230,4606)  (5295,4608)  (5163,4605)  (5229,4800)  (5164,4800)  (5100,4698)  (5359,4673)  (5359,4738)  (5294,4801)  (5228,4541)  (5360,4608)  (5098,4633)  (5098,4568)  (5163,4540)  (5361,4803)  (5061,4503)  (5035,4698)  (5424,4673)  (5424,4738)  (5425,4608)  (5033,4633)  (5033,4568)  (5426,4803)  (4996,4503)  (4970,4698)  (4968,4633)  (4968,4568)  | overflowToLeft=false
SZ 44  (5803,4372)  (5738,4436)  (5738,4371)  (5867,4437)  (5803,4307)  (5868,4307)  (5868,4372)  (5736,4306)  (5802,4501)  (5737,4501)  (5673,4436)  (5673,4371)  (5932,4437)  (5932,4502)  (5867,4502)  (5672,4502)  (5801,4242)  (5866,4242)  (5933,4278)  (5933,4343)  (5671,4306)  (5671,4241)  (5736,4241)  (5802,4566)  (5737,4566)  (5997,4408)  (5997,4473)  (5997,4538)  (5932,4567)  (5867,4567)  (5672,4567)  (5801,4177)  (5606,4244)  (5606,4179)  (5671,4176)  (5736,4176)  (6033,4603)  (5607,4608)  (5546,4114)  (5611,4111)  (5676,4111)  (5741,4111)  | overflowToLeft=false
SZ 43  (5210,4211)  (5145,4275)  (5145,4210)  (5274,4276)  (5210,4146)  (5275,4146)  (5275,4211)  (5143,4145)  (5209,4340)  (5144,4340)  (5080,4275)  (5080,4210)  (5291,4341)  (5079,4341)  (5208,4081)  (5273,4081)  (5338,4081)  (5340,4146)  (5340,4211)  (5078,4145)  (5078,4080)  (5143,4080)  (5403,4043)  (5226,4405)  (5161,4405)  (5015,4276)  (5015,4211)  (5291,4406)  (5096,4406)  (5031,4406)  (5014,4341)  (5405,4108)  (5405,4173)  (5405,4238)  (5013,4146)  (4966,4432)  (4950,4276)  (4950,4211)  (4949,4367)  (5470,4061)  (5470,4126)  (5470,4191)  (4948,4146)  | overflowToLeft=false
SZ 49  (5034,5086)  (4969,5132)  (4969,5067)  (5099,5062)  (5099,5127)  (5116,4997)  (5116,4932)  | overflowToLeft=false
SZ 48  (5349,5026)  (5284,5090)  (5284,5025)  (5413,5091)  (5349,4961)  (5414,4961)  (5414,5026)  (5282,4960)  (5219,5132)  (5219,5067)  (5478,5091)  (5479,4930)  (5479,4995)  (5217,5002)  (5217,4937)  | overflowToLeft=false
SZ 47  (5657,5043)  (5592,5107)  (5592,5042)  (5721,5108)  (5657,4978)  (5722,4978)  (5722,5043)  (5590,4977)  (5786,5108)  (5851,5086)  (5916,5086)  (5981,5086)  (6046,5086)  | overflowToLeft=false
SZ 42  (4724,4624)  (4659,4688)  (4788,4689)  (4756,4559)  (4789,4624)  (4821,4527)  (4723,4753)  (4658,4753)  (4853,4689)  (4593,4754)  (4854,4592)  (4803,4462)  (4868,4462)  (4739,4818)  (4674,4818)  (4609,4819)  (4544,4819)  (4835,4397)  (4479,4864)  (4838,4332)  (4752,4271)  (4817,4267)  (4841,4202)  | overflowToLeft=false
Ivanova  (5415,425)  (5347,357)  (5473,359)  (5480,424)  (5282,337)  (5347,292)  (5273,272)  (5545,390)  | overflowToLeft=false
SZ 41  (4417,4117)  (4352,4056)  (4476,4182)  (4325,3991)  (4604,4304)  (4669,4287)  | overflowToLeft=false
Tbilisi  (5608,2361)  (5549,2283)  | overflowToLeft=false
SZ 40  (5071,3873)  (5006,3879)  (5006,3814)  (5135,3938)  (5136,3870)  (5070,3944)  (4971,3749)  (5200,3938)  (5265,3971)  | overflowToLeft=false
RR 6  (3845,1045)  | overflowToLeft=false
RR 7  (4222,858)  | overflowToLeft=false
RR 4  (2998,1152)  | overflowToLeft=false
RR 5  (3380,1048)  | overflowToLeft=false
Mauritania  (1745,3357)  (1810,3313)  (1813,3424)  (1739,3292)  (1804,3248)  (1807,3489)  (1878,3384)  (1742,3510)  (1943,3350)  (1572,3558)  (1756,3575)  (1691,3575)  (1507,3615)  | overflowToLeft=false
RR 2  (2260,964)  | overflowToLeft=false
RR 3  (2272,1125)  | overflowToLeft=false
German Southwest Africa  (3627,5409)  (3683,5474)  (3618,5474)  (3692,5388)  (3514,5379)  | overflowToLeft=false
RR 1  (2065,728)  | overflowToLeft=false
Australia  (5899,5671)  (5834,5735)  (5834,5670)  (5963,5736)  (5899,5606)  (5964,5606)  (5964,5671)  (5832,5605)  (5898,5800)  (5833,5800)  (5769,5735)  (5769,5670)  (6028,5736)  (6028,5801)  (5963,5801)  (5768,5801)  (5897,5541)  (5962,5541)  (6027,5541)  (6029,5606)  (6029,5671)  (5767,5605)  (5767,5540)  (5832,5540)  (5898,5865)  (5833,5865)  (5704,5736)  (5704,5671)  (6058,5866)  (5993,5866)  (5768,5866)  (5703,5806)  (5897,5476)  (5962,5476)  (6027,5476)  (5702,5606)  (5928,5930)  (5863,5930)  (5798,5931)  (5921,5411)  (5986,5411)  (6051,5411)  (5637,5634)  (5850,5996)  (5785,5996)  (5987,5346)  (6052,5346)  (6046,5281)  | overflowToLeft=false
RR 8  (4356,582)  | overflowToLeft=false
RR 9  (4185,340)  | overflowToLeft=false
Kabinda  (3926,5079)  | overflowToLeft=false
Cameroon  (3522,4535)  (3457,4506)  (3586,4600)  (3521,4600)  (3522,4470)  (3587,4473)  (3432,4624)  (3615,4665)  (3508,4405)  (3537,4340)  | overflowToLeft=false
Kiel  (3079,1047)  (3121,1133)  (3144,1002)  (3014,1092)  (3186,1088)  (3093,1198)  (3091,937)  | overflowToLeft=false
Ruhr  (3031,1341)  (3096,1287)  (2962,1284)  (2956,1349)  | overflowToLeft=false
Kiev  (4514,1395)  (4578,1460)  (4513,1460)  (4517,1330)  (4579,1395)  (4582,1327)  (4431,1313)  (4409,1380)  (4608,1525)  (4644,1392)  (4647,1277)  (4358,1455)  (4344,1390)  (4712,1293)  | overflowToLeft=false
Oman  (4938,4044)  (4675,4193)  (4610,4219)  | overflowToLeft=false
French Guinea  (2590,4266)  (2655,4243)  | overflowToLeft=false
Algeria  (2569,3003)  (2504,3067)  (2633,3068)  (2587,2938)  (2634,3003)  (2652,2920)  (2568,3132)  (2675,3133)  (2587,2846)  (2652,2846)  (2559,3197)  (2494,3207)  (2429,3222)  (2364,3273)  | overflowToLeft=false
Sarajevo  (3808,2154)  (3873,2120)  (3873,2185)  | overflowToLeft=false
Jerusalem  (5079,3281)  (5143,3346)  (5072,3216)  (5144,3231)  | overflowToLeft=false
Tambov  (5635,911)  (5570,975)  (5570,910)  (5699,976)  (5700,881)  (5764,946)  (5764,1011)  | overflowToLeft=false
Moldova  (4469,1710)  (4441,1645)  (4537,1642)  (4564,1707)  (4404,1716)  (4497,1775)  (4376,1651)  | overflowToLeft=false
Hurghada  (4661,3591)  (4726,3607)  (4752,3521)  | overflowToLeft=false
Upper Volta  (3027,4174)  (2962,4238)  (2962,4173)  (3065,4239)  (3063,4109)  (3092,4174)  (3128,4106)  (3157,4171)  | overflowToLeft=false
Charleroi  (1249,4474)  (1184,4538)  (1184,4473)  (1313,4539)  (1249,4409)  (1314,4409)  (1314,4474)  (1182,4408)  (1119,4519)  (1378,4539)  (1378,4604)  (1313,4604)  (1379,4410)  (1117,4454)  (1443,4485)  (1412,4669)  | overflowToLeft=false
SZ 13  (1451,806)  (1386,870)  (1386,805)  (1515,871)  (1451,741)  (1516,741)  (1516,806)  (1384,740)  (1450,935)  (1385,935)  (1321,870)  (1321,805)  (1580,871)  (1580,936)  (1515,936)  (1320,936)  (1565,676)  (1581,741)  (1581,806)  (1319,740)  (1630,627)  (1256,871)  (1256,806)  (1606,1001)  (1255,949)  (1564,611)  (1646,692)  (1646,757)  (1646,822)  (1254,741)  (1629,562)  (1564,546)  | overflowToLeft=false
Rhiems  (1122,5469)  (1057,5439)  (1122,5404)  (1187,5442)  (1187,5507)  (1045,5545)  (1110,5588)  (1243,5572)  (1045,5610)  (1175,5641)  (1110,5653)  (1308,5535)  (1308,5600)  (1240,5699)  (1175,5706)  (1282,5764)  (1217,5771)  | overflowToLeft=false
SZ 12  (903,870)  (838,934)  (838,869)  (967,935)  (903,805)  (968,805)  (968,870)  (836,804)  (902,999)  (837,999)  (773,934)  (773,869)  (1032,935)  (998,1000)  (772,1000)  (901,740)  (966,740)  (1031,740)  (1033,805)  (1033,870)  (771,804)  (1096,715)  (933,1064)  (708,935)  (708,870)  (1097,935)  (998,1065)  (707,1053)  (870,675)  (935,675)  (1000,675)  (1098,780)  (1098,845)  (706,805)  (1161,715)  (933,1129)  (643,988)  (643,923)  (1162,910)  (998,1130)  (642,1053)  (1163,780)  (1163,845)  (641,858)  (641,793)  | overflowToLeft=false
SZ 11  (265,922)  (200,986)  (200,921)  (329,987)  (265,857)  (330,857)  (330,922)  (198,856)  (264,1051)  (199,1051)  (135,986)  (135,921)  (394,987)  (394,1052)  (329,1052)  (134,1052)  (263,792)  (328,792)  (393,792)  (395,857)  (395,922)  (133,856)  (133,791)  (198,791)  (458,787)  (264,1116)  (199,1116)  (70,987)  (70,922)  (459,987)  (459,1052)  (134,1117)  (69,1117)  (69,1052)  (263,727)  (460,852)  (460,917)  (68,857)  (68,792)  (68,727)  (133,726)  (198,726)  (523,787)  (306,1181)  (241,1181)  (524,982)  (524,1047)  (176,1182)  (111,1182)  (46,1182)  (525,852)  (525,917)  | overflowToLeft=false
SZ 10  (3741,721)  (3676,761)  (3676,696)  (3806,686)  (3806,751)  (3835,816)  (3611,761)  (3871,699)  (3900,764)  (3546,761)  | overflowToLeft=false
SZ 17  (918,1476)  (853,1540)  (853,1475)  (982,1541)  (918,1411)  (983,1411)  (983,1476)  (917,1605)  (852,1605)  (788,1540)  (788,1475)  (1016,1606)  (787,1606)  (870,1346)  (935,1346)  (1000,1346)  (1048,1411)  (1048,1476)  (1065,1329)  (951,1670)  (886,1670)  (723,1541)  (723,1476)  (1016,1671)  (722,1651)  (870,1281)  (935,1281)  (1113,1394)  (1113,1459)  (1130,1313)  (658,1586)  (658,1521)  (658,1456)  (657,1651)  (870,1216)  (935,1216)  | overflowToLeft=false
SZ 16  (281,1511)  (216,1575)  (216,1510)  (345,1576)  (281,1446)  (346,1446)  (346,1511)  (214,1445)  (280,1640)  (215,1640)  (151,1575)  (151,1510)  (410,1576)  (410,1641)  (345,1641)  (150,1641)  (279,1381)  (411,1417)  (411,1482)  (149,1445)  (149,1380)  (214,1380)  (280,1705)  (215,1705)  (86,1576)  (86,1511)  (475,1547)  (475,1612)  (150,1706)  (85,1706)  (85,1641)  (279,1316)  (476,1417)  (476,1482)  (84,1446)  (84,1381)  (84,1316)  (149,1315)  (214,1315)  (302,1770)  (237,1770)  (540,1547)  (540,1612)  (172,1771)  (107,1771)  (42,1771)  (541,1418)  | overflowToLeft=false
SZ 15  (3876,506)  (3811,570)  (3811,505)  (3929,571)  (3941,469)  (3961,404)  (3746,595)  (3746,530)  (4026,356)  (4026,421)  (3681,582)  (3681,517)  (4091,410)  (4104,475)  (4136,540)  | overflowToLeft=false
SZ 14  (1886,676)  (1821,710)  (1821,645)  (1886,611)  (1951,705)  (1789,580)  (1756,730)  (1756,665)  (1854,546)  (1734,515)  (2062,853)  (1997,870)  (1799,481)  (1864,481)  (2085,918)  (2020,935)  (1799,416)  (1864,416)  (1955,940)  (1841,351)  (1906,351)  (1998,1005)  (1985,1070)  | overflowToLeft=false
Innsbruck  (3322,1677)  (3257,1715)  (3387,1664)  (3464,1662)  (3521,1597)  (3529,1662)  | overflowToLeft=false
Nancy  (1656,5601)  (1591,5665)  (1591,5600)  (1720,5666)  (1656,5536)  (1721,5536)  (1721,5601)  (1589,5535)  (1526,5695)  (1526,5630)  (1785,5666)  (1785,5731)  (1720,5731)  (1654,5471)  (1786,5532)  (1786,5597)  (1524,5565)  (1459,5626)  | overflowToLeft=false
United States Mobilizes  (135,3782)  (70,3846)  (70,3781)  (199,3847)  (135,3717)  (200,3717)  (200,3782)  (68,3716)  (264,3847)  (265,3706)  (265,3771)  (329,3836)  (330,3740)  (394,3805)  (394,3870)  (459,3819)  (524,3859)  | overflowToLeft=false
Chantilly  (287,5585)  (222,5649)  (222,5584)  (341,5650)  (287,5520)  (352,5520)  (352,5585)  (220,5519)  (415,5713)  (258,5714)  (285,5455)  (350,5455)  (415,5455)  (417,5520)  (350,5764)  (479,5778)  (480,5668)  (323,5390)  (509,5474)  (414,5829)  (349,5829)  (544,5733)  (508,5843)  (545,5606)  (443,5894)  (610,5545)  (610,5610)  (675,5493)  | overflowToLeft=false
Romania  (4302,1900)  (4370,1967)  (4367,1865)  (4237,1935)  (4298,1835)  (4435,1933)  (4435,1998)  (4500,1924)  (4141,2011)  | overflowToLeft=false
Togoland  (3026,4373)  (3091,4343)  (2981,4484)  | overflowToLeft=false
Ankara  (4921,2491)  (4856,2527)  (4853,2424)  (4986,2464)  (5001,2380)  (4918,2372)  (4789,2359)  (5051,2462)  (5070,2527)  | overflowToLeft=false
Tunis  (3059,2992)  (2994,3024)  (3075,3057)  (3089,2871)  (3103,3122)  (3017,2862)  (3082,2806)  (3160,3187)  (3095,3187)  | overflowToLeft=false
Fontainbleu  (101,5986)  (36,6050)  (36,5985)  (165,6051)  (149,5921)  (166,5986)  (214,5873)  (22,5872)  (230,6051)  (231,5938)  (112,5826)  (22,5807)  (295,6003)  (296,5937)  (177,5777)  (103,5761)  (360,6002)  (95,5696)  (425,5978)  (425,6043)  (86,5631)  (490,6003)  | overflowToLeft=false
US 1  (1783,3796)  (1718,3860)  (1718,3795)  (1847,3861)  (1783,3731)  (1848,3731)  (1848,3796)  (1716,3730)  (1653,3861)  (1653,3796)  (1912,3861)  (1913,3706)  (1913,3771)  (1651,3731)  (1588,3797)  (1977,3836)  (1586,3732)  (1521,3730)  | overflowToLeft=false
Douamont  (1706,5121)  (1770,5186)  (1653,5056)  (1718,5056)  (1771,5121)  (1783,5044)  (1626,5200)  (1591,5135)  (1835,5186)  (1835,5251)  (1836,5109)  (1662,5265)  (1578,4950)  (1643,4938)  (1900,5174)  (1900,5239)  (1854,5316)  (1708,4926)  (1513,4923)  (1578,4885)  (1736,5366)  (1506,4858)  | overflowToLeft=false
Yaroslavl  (5069,200)  (5133,265)  (5016,135)  (5081,135)  (5134,200)  (4979,290)  (5198,265)  (5198,330)  (5068,70)  (5044,355)  (4979,355)  (5213,395)  | overflowToLeft=false
Greece  (3936,2506)  (4026,2710)  (3889,2446)  (4052,2618)  (4054,2534)  | overflowToLeft=false
Ypres  (386,4110)  (321,4174)  (321,4109)  (450,4175)  (386,4045)  (451,4045)  (451,4110)  (319,4044)  (385,4239)  (320,4239)  (256,4174)  (256,4109)  (515,4175)  (515,4240)  (450,4240)  (255,4240)  (384,3980)  (449,3980)  (516,4051)  (254,4044)  (254,3979)  (319,3979)  (385,4304)  (320,4304)  | overflowToLeft=false
US 3  (791,3796)  (726,3860)  (726,3795)  (855,3861)  (791,3731)  (856,3731)  (856,3796)  (724,3730)  (661,3837)  (920,3861)  (921,3754)  (659,3772)  (659,3707)  (985,3819)  (594,3796)  (594,3731)  (1050,3851)  (529,3756)  (464,3716)  | overflowToLeft=false
US 2  (1306,3796)  (1241,3860)  (1241,3795)  (1370,3861)  (1306,3731)  (1371,3731)  (1371,3796)  (1239,3730)  (1176,3831)  (1435,3861)  (1436,3777)  (1174,3766)  (1500,3842)  (1109,3781)  (1109,3716)  (1044,3731)  | overflowToLeft=false
Kaluga  (4862,598)  (4797,607)  (4926,663)  (4828,533)  (4893,533)  (4927,598)  (4958,502)  (4901,728)  (5023,465)  (4977,798)  | overflowToLeft=false
Istanbul  (4595,2505)  (4530,2562)  (4530,2497)  (4616,2440)  (4660,2505)  (4681,2422)  | overflowToLeft=false
Niangara  (3987,4679)  (4023,4744)  (3958,4744)  (3932,4614)  (3997,4614)  (4062,4611)  (4006,4809)  | overflowToLeft=false
Verdun  (1359,5249)  (1294,5313)  (1294,5248)  (1423,5314)  (1359,5184)  (1424,5184)  (1424,5249)  (1292,5183)  (1358,5378)  (1293,5378)  (1229,5313)  (1229,5248)  (1488,5314)  (1488,5379)  (1423,5379)  (1357,5119)  (1422,5119)  (1487,5119)  (1489,5184)  (1489,5249)  (1227,5183)  (1227,5118)  (1292,5118)  (1358,5443)  (1164,5292)  (1553,5314)  (1553,5379)  (1516,5444)  (1451,5444)  (1368,5054)  (1162,5227)  (1110,5162)  (1097,5250)  | overflowToLeft=false
Grozny  (5730,1966)  (5665,2030)  (5779,2031)  (5741,1901)  (5795,1966)  (5806,1890)  (5714,2095)  (5649,2095)  (5790,2096)  (5871,1880)  | overflowToLeft=false
French West Africa  (3304,4036)  (3239,4100)  (3239,4035)  (3368,4101)  (3304,3971)  (3369,3971)  (3369,4036)  (3237,3970)  (3303,4165)  (3172,4020)  | overflowToLeft=false
Caucusus  (5684,1635)  (5619,1680)  (5619,1615)  (5692,1700)  (5684,1570)  (5749,1579)  (5554,1662)  | overflowToLeft=false
Pomerania  (3571,997)  (3636,957)  (3357,993)  (3701,924)  (3701,989)  | overflowToLeft=false
Izhevsk  (5954,297)  (5889,340)  (6018,362)  (6000,232)  (6019,297)  (5953,405)  (6058,427)  (5993,470)  | overflowToLeft=false
Chad  (3722,4374)  (3657,4412)  (3657,4347)  (3786,4439)  (3722,4309)  (3630,4282)  (3721,4477)  (3851,4476)  (3786,4504)  (3695,4244)  (3760,4244)  (3888,4541)  | overflowToLeft=false
Mont Blanc  (1195,4867)  (1130,4931)  (1130,4866)  (1215,4932)  (1195,4802)  (1260,4802)  (1260,4867)  (1128,4801)  (1065,4980)  (1065,4915)  (1193,4737)  (1258,4737)  (1325,4764)  (1325,4829)  (1063,4850)  (1063,4785)  (1128,4736)  (1345,4979)  (1171,5040)  (1193,4672)  (1390,4765)  (1106,5063)  (1125,4671)  (976,5070)  (975,5005)  | overflowToLeft=false
RR 10  (4593,256)  | overflowToLeft=false
Izmir  (4455,2666)  (4518,2731)  (4453,2731)  (4409,2601)  (4583,2702)  | overflowToLeft=false
Sardinia  (3061,2484)  | overflowToLeft=false
Burgundy  (2830,1616)  (2765,1611)  (2830,1551)  | overflowToLeft=false
Vologda  (5258,57)  (5193,67)  (5322,122)  (5323,19)  (5257,132)  (5387,154)  | overflowToLeft=false
French Equitorial Africa  (3460,4793)  (3531,4732)  (3565,4797)  (3395,4766)  | overflowToLeft=false
SZ 79  (3489,881)  (3424,928)  (3424,863)  (3554,827)  (3554,892)  (3359,887)  (3619,827)  (3684,827)  (3749,827)  | overflowToLeft=false
SZ 78  (1464,2943)  (1399,3007)  (1399,2942)  (1528,3008)  (1464,2878)  (1529,2878)  (1529,2943)  (1397,2877)  (1334,3060)  (1334,2995)  (1593,3008)  (1594,2828)  (1594,2893)  (1332,2930)  (1332,2865)  (1269,3060)  (1269,2995)  (1658,2958)  (1658,3023)  (1659,2828)  (1659,2893)  (1267,2930)  (1267,2865)  | overflowToLeft=false
SZ 77  (941,3316)  (876,3380)  (876,3315)  (1005,3381)  (941,3251)  (1006,3251)  (1006,3316)  (874,3250)  (811,3442)  (811,3377)  (1070,3381)  (1071,3210)  (1071,3275)  (809,3312)  (809,3247)  (746,3442)  (746,3377)  (1135,3340)  (1135,3405)  (1136,3210)  (1136,3275)  (744,3312)  (744,3247)  | overflowToLeft=false
SZ 76  (946,2928)  (881,2992)  (881,2927)  (1010,2993)  (946,2863)  (1011,2863)  (1011,2928)  (879,2862)  (945,3057)  (880,3057)  (816,2992)  (816,2927)  (1075,2993)  (1075,3058)  (1010,3058)  (815,3058)  (1076,2828)  (1076,2893)  (814,2862)  (751,2993)  (751,2928)  (1140,2958)  (1140,3023)  (750,3060)  (1141,2828)  (1141,2893)  (749,2863)  | overflowToLeft=false
SZ 71  (1270,1121)  (1205,1185)  (1205,1120)  (1334,1186)  (1270,1056)  (1335,1056)  (1335,1121)  (1203,1055)  (1140,1247)  (1140,1182)  (1399,1186)  (1400,1015)  (1400,1080)  (1138,1117)  (1138,1052)  (1075,1247)  (1075,1182)  (1464,1145)  (1464,1210)  (1465,1015)  (1465,1080)  (1073,1117)  (1073,1052)  | overflowToLeft=false
SZ 70  (1291,1663)  (1226,1727)  (1226,1662)  (1355,1728)  (1291,1598)  (1356,1598)  (1356,1663)  (1224,1597)  (1161,1781)  (1161,1716)  (1420,1728)  (1421,1549)  (1421,1614)  (1159,1651)  (1159,1586)  (1096,1781)  (1096,1716)  (1485,1679)  (1485,1744)  (1486,1549)  (1486,1614)  (1094,1651)  (1094,1586)  | overflowToLeft=false
SZ 75  (2462,115)  (2397,160)  (2397,95)  (2462,50)  (2527,50)  (2527,115)  (2376,30)  (2332,160)  (2332,95)  (2592,20)  (2592,85)  (2592,150)  (2311,30)  (2267,160)  (2267,95)  (2657,20)  (2657,85)  (2657,150)  (2246,30)  | overflowToLeft=false
SZ 74  (2810,638)  (2745,702)  (2745,637)  (2874,703)  (2810,573)  (2875,573)  (2875,638)  (2743,572)  | overflowToLeft=false
SZ 73  (2191,1911)  (2126,1975)  (2126,1910)  (2255,1976)  (2191,1846)  (2256,1874)  (2124,1845)  | overflowToLeft=false
SZ 72  (1269,524)  (1204,588)  (1204,523)  (1333,589)  (1269,459)  (1334,459)  (1334,524)  (1202,458)  (1139,649)  (1139,584)  (1398,589)  (1399,417)  (1399,482)  (1137,519)  (1137,454)  (1074,649)  (1074,584)  (1463,547)  (1463,612)  (1464,417)  (1464,482)  (1072,519)  (1072,454)  | overflowToLeft=false
Vimy  (838,4703)  (773,4767)  (773,4702)  (893,4768)  (771,4637)  (930,4610)  (953,4675)  (828,4832)  (763,4832)  (903,4833)  (727,4565)  (698,4811)  (792,4562)  (995,4546)  (1018,4611)  (857,4515)  (838,4897)  (773,4897)  (723,4500)  (788,4497)  (956,4481)  (853,4450)  (846,4962)  (734,4432)  (799,4385)  (864,4385)  | overflowToLeft=false
SZ 68  (584,1233)  (519,1297)  (519,1232)  (648,1298)  (584,1168)  (649,1168)  (649,1233)  (517,1167)  (454,1351)  (454,1286)  (713,1298)  (714,1119)  (714,1184)  (452,1221)  (452,1156)  (389,1351)  (389,1286)  (778,1249)  (778,1314)  (779,1119)  (779,1184)  (387,1221)  (387,1156)  | overflowToLeft=false
SZ 67  (590,592)  (525,656)  (525,591)  (654,657)  (590,527)  (655,527)  (655,592)  (523,526)  (589,721)  (524,721)  (460,656)  (460,591)  (719,657)  (459,721)  (720,489)  (720,554)  (458,526)  (395,656)  (395,591)  (784,619)  (784,684)  (394,721)  (785,489)  (785,554)  (393,526)  | overflowToLeft=false
Trieste  (3624,1952)  (3671,2017)  (3559,2024)  (3575,1887)  (3640,1887)  (3689,1952)  (3510,1869)  (3602,2089)  | overflowToLeft=false
SZ 66  (5704,5307)  (5639,5371)  (5639,5306)  (5768,5372)  (5704,5242)  (5769,5242)  (5769,5307)  (5637,5241)  (5703,5436)  (5638,5436)  (5833,5372)  (5834,5198)  (5834,5263)  (5605,5501)  (5899,5198)  (5899,5263)  (5964,5198)  (5575,5775)  (5615,5840)  (5658,5905)  (5593,5905)  (5683,5970)  (5618,5970)  (6058,5983)  (5672,6035)  (5607,6035)  (6058,6048)  (5929,6049)  | overflowToLeft=false
Brussels  (1068,4076)  (1003,4140)  (1003,4075)  (1106,4141)  (1068,4011)  (1133,4011)  (1133,4076)  (1001,4010)  (1041,4205)  (1198,3963)  (1198,4028)  (1198,4093)  (1225,4200)  (1160,4240)  (1229,4265)  (1095,4294)  (1164,4305)  (1030,4348)  | overflowToLeft=false
Trabzon  (5233,2531)  (5298,2501)  (5298,2566)  | overflowToLeft=false
SZ 65  (5357,5873)  (5292,5937)  (5292,5872)  (5421,5938)  (5357,5808)  (5422,5808)  (5422,5873)  (5290,5807)  (5356,6002)  (5291,6002)  (5227,5937)  (5227,5872)  (5486,5938)  (5486,6003)  (5421,6003)  (5226,6003)  (5355,5743)  (5420,5743)  (5485,5743)  (5487,5808)  (5487,5873)  (5225,5807)  (5225,5742)  (5290,5742)  (5400,5678)  (5465,5678)  (5399,5613)  (5464,5613)  (5399,5548)  (5464,5548)  | overflowToLeft=false
Hungary  (3980,1825)  (4046,1896)  (4080,1779)  (3929,1891)  (3972,1760)  (3915,1826)  (4127,1844)  (4081,1714)  (4145,1779)  (4192,1844)  (4210,1763)  | overflowToLeft=false
SZ 69  (576,1826)  (511,1890)  (511,1825)  (640,1891)  (576,1761)  (641,1761)  (641,1826)  (509,1760)  (446,1949)  (446,1884)  (705,1891)  (706,1717)  (706,1782)  (444,1819)  (444,1754)  (381,1949)  (381,1884)  (770,1847)  (770,1912)  (771,1717)  (771,1782)  (379,1819)  (379,1754)  | overflowToLeft=false
Konya  (4933,2659)  (4868,2644)  (4998,2695)  | overflowToLeft=false
SZ 60  (4755,5480)  (4690,5544)  (4819,5545)  (4724,5415)  (4789,5415)  (4820,5480)  (4754,5609)  (4689,5609)  (4845,5610)  (4745,5350)  (4810,5350)  (4624,5619)  (4771,5285)  (4836,5285)  | overflowToLeft=false
Belarus  (4574,1045)  (4638,1110)  (4618,980)  (4639,1045)  (4503,1040)  (4475,1105)  (4532,919)  (4703,1110)  (4704,1045)  (4438,1040)  (4427,975)  (4607,1198)  (4597,891)  (4768,1149)  | overflowToLeft=false
SZ 64  (5401,5298)  (5336,5350)  (5336,5285)  (5465,5363)  (5401,5233)  (5466,5233)  (5466,5298)  (5322,5220)  (5400,5415)  (5271,5350)  (5271,5285)  (5509,5428)  (5257,5220)  | overflowToLeft=false
al-Hasa  (5769,3443)  (5824,3508)  (5841,3573)  | overflowToLeft=false
SZ 63  (5016,5849)  (4951,5913)  (4951,5848)  (5080,5914)  (5016,5784)  (5081,5784)  (5081,5849)  (4949,5783)  (5015,5978)  (4950,5978)  (5123,5979)  (5014,5719)  (5079,5719)  (4911,5718)  (5058,6043)  (4993,6043)  (4928,6043)  (5123,6044)  (4976,5654)  (4911,5653)  (4976,5589)  (4911,5588)  | overflowToLeft=false
SZ 62  (5041,5293)  (4976,5357)  (4976,5292)  (5041,5228)  (5106,5228)  (5106,5293)  (4974,5227)  (5022,5422)  (4957,5422)  (4911,5357)  (4911,5292)  (5171,5198)  (5171,5263)  (5171,5328)  | overflowToLeft=false
SZ 61  (4726,5889)  (4661,5953)  (4661,5888)  (4790,5954)  (4726,5824)  (4791,5824)  (4791,5889)  (4659,5823)  (4725,6018)  (4660,6018)  (4596,5953)  (4596,5888)  (4845,6019)  (4595,6019)  (4724,5759)  (4789,5759)  (4594,5823)  (4594,5758)  (4659,5758)  | overflowToLeft=false
Senegal  (2582,4040)  (2598,4105)  (2570,3975)  (2583,4170)  | overflowToLeft=false
Vilnius  (4177,723)  (4112,747)  (4112,682)  (4217,788)  (4177,658)  (4242,704)  (4070,617)  (4293,838)  (4047,729)  (4323,772)  (4005,650)  (4032,552)  (4358,837)  | overflowToLeft=false
Vyatka  (5677,134)  (5612,198)  (5612,133)  (5741,199)  (5677,69)  (5742,69)  (5742,134)  (5610,68)  (5676,263)  (5611,263)  (5547,198)  (5806,199)  (5741,264)  (5807,19)  (5807,84)  (5676,328)  (5871,149)  (5872,19)  (5872,84)  (5936,149)  (5937,19)  (5937,84)  (6002,19)  (6002,84)  | overflowToLeft=false
Oryol  (5047,1142)  (4982,1183)  (4982,1118)  (5111,1207)  (5112,1117)  (4941,1053)  (4917,1183)  (4917,1118)  (5176,1182)  (5176,1247)  (5111,1272)  (4876,1053)  (5295,1176)  (5303,1241)  (5368,1207)  (5368,1272)  | overflowToLeft=false
Hejaz  (4411,3978)  | overflowToLeft=false
York  (2158,1037)  (2195,1102)  (2130,1102)  (2179,972)  (2223,1037)  (2145,1167)  (2184,907)  (2293,902)  (2326,969)  (2153,842)  | overflowToLeft=false
Egypt  (4604,3399)  (4662,3464)  (4669,3398)  (4529,3474)  (4655,3299)  (4471,3409)  (4406,3393)  | overflowToLeft=false
SZ 91  (4012,245)  (3961,180)  (4077,245)  (3871,105)  (3806,105)  (3806,40)  (3871,40)  (4238,201)  (3741,56)  (4303,189)  (4368,167)  (4433,151)  | overflowToLeft=false
Sierra Leone  (2647,4369)  | overflowToLeft=false
SZ 90  (2792,4767)  (2727,4831)  (2727,4766)  (2856,4832)  (2792,4702)  (2857,4702)  (2857,4767)  (2725,4701)  (2662,4890)  (2662,4825)  (2921,4832)  (2922,4658)  (2922,4723)  (2660,4760)  (2660,4695)  (2597,4890)  (2597,4825)  (2986,4788)  (2986,4853)  (2987,4658)  (2987,4723)  (2595,4760)  (2595,4695)  | overflowToLeft=false
Northern Rhineland  (2229,4098)  (2164,4162)  (2164,4097)  (2293,4163)  (2229,4033)  (2294,4033)  (2294,4098)  (2162,4032)  (2228,4227)  (2358,4163)  (2358,4228)  (2293,4228)  (2227,3968)  (2292,3968)  (2357,3968)  (2359,4033)  (2359,4098)  (2097,4086)  (2097,4021)  (2162,3967)  (2228,4292)  (2380,4337)  (2268,4381)  (2381,4402)  (2274,4446)  (2381,4467)  | overflowToLeft=false
Tripoli  (3340,3213)  (3275,3170)  (3405,3176)  (3405,3241)  (3252,3271)  (3470,3199)  (3473,3264)  | overflowToLeft=false
Serbia  (4029,2098)  (3962,2166)  (4067,2163)  (4030,2033)  (3989,2231)  | overflowToLeft=false
Smyrna  (5258,2690)  (5193,2727)  (5193,2662)  (5272,2755)  (5323,2644)  (5337,2709)  (5128,2666)  (5402,2717)  (5063,2628)  | overflowToLeft=false
Holland  (2849,1207)  (2900,1100)  | overflowToLeft=false
Mumbaza  (4163,4863)  (4098,4858)  (4228,4849)  (4293,4866)  | overflowToLeft=false
SZ 89  (2932,5287)  (2867,5351)  (2867,5286)  (2996,5352)  (2932,5222)  (2997,5222)  (2997,5287)  (2865,5221)  (2802,5414)  (2802,5349)  (3061,5352)  (3062,5182)  (3062,5247)  (2800,5284)  (2800,5219)  (2737,5414)  (2737,5349)  (3126,5312)  (3126,5377)  (3127,5182)  (3127,5247)  (2735,5284)  (2735,5219)  | overflowToLeft=false
SZ 88  (3116,5746)  (3051,5810)  (3051,5745)  (3180,5811)  (3116,5681)  (3181,5681)  (3181,5746)  (3049,5680)  (2986,5864)  (2986,5799)  (3245,5811)  (3246,5632)  (3246,5697)  (2984,5734)  (2984,5669)  (2921,5864)  (2921,5799)  (3310,5762)  (3310,5827)  (3311,5632)  (3311,5697)  (2919,5734)  (2919,5669)  | overflowToLeft=false
SZ 87  (5217,5533)  (5152,5597)  (5152,5532)  (5281,5598)  (5217,5468)  (5282,5468)  (5282,5533)  (5150,5467)  | overflowToLeft=false
Rize  (5479,2526)  (5414,2573)  (5527,2461)  (5544,2526)  (5411,2508)  (5424,2425)  (5609,2493)  | overflowToLeft=false
SZ 82  (3777,2905)  (3712,2969)  (3712,2904)  (3841,2970)  (3777,2840)  (3842,2840)  (3842,2905)  (3710,2839)  (3647,3020)  (3647,2955)  (3645,2890)  (3645,2825)  | overflowToLeft=false
SZ 81  (2759,2534)  (2694,2598)  (2694,2533)  (2823,2599)  (2759,2469)  (2824,2469)  (2824,2534)  (2692,2468)  | overflowToLeft=false
SZ 80  (3833,319)  (3768,383)  (3895,384)  (3841,254)  (3703,403)  (3839,189)  | overflowToLeft=false
SZ 86  (5949,4899)  (5884,4963)  (5884,4898)  (6013,4964)  (5949,4834)  (6014,4834)  (6014,4899)  (5882,4833)  (5819,5020)  (5819,4955)  (5817,4890)  (5817,4825)  | overflowToLeft=false
SZ 85  (4930,4871)  (4865,4935)  (4865,4870)  (4994,4936)  (4930,4806)  (4995,4806)  (4995,4871)  (4863,4805)  | overflowToLeft=false
SZ 84  (5491,4413)  (5426,4477)  (5426,4412)  (5555,4478)  (5491,4348)  (5556,4348)  (5556,4413)  (5424,4347)  (5490,4542)  (5425,4542)  (5361,4477)  (5361,4412)  (5360,4542)  (5359,4347)  | overflowToLeft=false
SZ 83  (4742,3161)  (4677,3216)  (4677,3151)  (4806,3226)  (4807,3097)  (4612,3226)  (4612,3161)  (4871,3162)  (4871,3227)  (4872,3097)  | overflowToLeft=false
Strasbourg  (2303,5808)  (2238,5872)  (2238,5807)  (2367,5873)  (2368,5782)  (2368,5708)  (2302,5680)  (2285,5937)  (2225,5652)  (2367,5643)  (2209,5587)  (2324,5578)  | overflowToLeft=false
Tula  (5135,976)  (5070,1003)  (5070,938)  (5199,1041)  (5200,943)  (5005,987)  (5307,954)  (5309,1081)  (5372,923)  (5372,988)  (5374,1062)  (5396,1127)  (5437,868)  (5437,933)  (5439,1060)  | overflowToLeft=false
Denmark  (3084,699)  (3074,764)  | overflowToLeft=false
Chikapa  (3719,5090)  (3783,5155)  (3718,5020)  (3716,5158)  | overflowToLeft=false
Rhineland  (2245,4914)  (2180,4897)  (2309,4979)  (2244,4979)  (2245,4849)  (2310,4904)  (2166,4832)  (2374,4785)  (2320,5044)  (2255,5044)  (2231,4784)  (2296,4784)  (2379,4850)  (2164,4767)  (2370,4720)  (2229,4719)  (2294,4719)  (2164,5122)  (2229,5161)  (2365,4655)  (2194,4654)  (2259,4654)  (2164,5187)  (2294,5200)  (2229,5226)  (2360,4590)  (2194,4589)  (2259,4589)  (2309,5265)  (2244,5291)  (2381,5323)  (2290,5356)  (2381,5388)  (2381,5453)  | overflowToLeft=false